562 905 1465
547 292 605
453 1199 1123
1192 729 1481
433 685 93
380 1164 254
970 711 1063
603 905 562
310 961 219
248 705 1218
116 886 663
998 144 1400
350 248 1227
974 891 85
1175 941 889
200 531 1117
938 576 1149
331 124 110
1148 1289 712
736 687 98
671 1031 1237
252 627 348
18 444 752
893 1383 525
1222 1106 936
1354 732 863
156 950 309
1124 432 759
121 1335 521
692 969 1181
1349 125 514
913 1375 239
641 745 993
1160 435 1285
1103 380 254
456 430 464
1033 277 798
133 872 1027
14 439 291
1100 659 1143
1390 256 893
712 828 69
938 706 576
326 424 468
78 891 290
459 1391 173
375 741 1150
965 508 289
679 1096 1434
1431 309 950
19 553 49
1173 854 9
209 102 918
1102 1262 1467
552 414 620
613 982 496
269 60 519
685 501 1344
607 875 1317
1168 1433 710
1387 371 1226
601 361 1286
678 1038 1178
573 380 1103
1210 658 535
973 505 509
1197 1069 778
101 1460 367
422 140 164
443 831 627
556 251 947
211 212 349
999 54 1051
195 945 1410
577 936 564
867 14 291
1014 871 43
426 469 1095
1114 123 1470
741 375 107
84 1254 847
211 1251 212
1347 550 28
1057 101 1412
75 469 426
27 1467 1262
470 844 74
1462 399 1058
1179 1360 644
1104 34 1452
1105 1140 118
1064 1392 683
20 310 432
271 4 477
620 983 425
854 1430 9
1163 1026 880
1148 370 537
276 508 1092
594 93 685
569 554 555
1349 1377 125
368 977 1050
1097 878 1025
959 465 856
1458 168 76
893 256 476
1255 921 497
983 1445 903
794 1275 1188
1009 172 416
837 272 908
1241 561 28
1119 820 214
1395 1169 475
275 186 474
1247 28 977
1122 1092 232
453 185 703
227 1186 906
927 1157 169
742 722 413
1137 363 1447
975 748 1060
578 734 589
65 277 67
31 640 538
947 1096 556
456 995 430
213 838 399
1059 477 1106
846 1174 665
285 228 599
1117 827 200
648 410 1418
1331 160 1386
1217 1253 1030
46 75 1364
1390 819 256
869 541 351
944 1060 306
1174 846 265
1045 427 1017
316 79 1276
643 1074 1214
48 40 385
1253 19 581
1176 88 578
1048 723 1127
911 294 646
394 768 935
1104 1452 1393
1146 523 1113
113 738 1363
331 110 291
1112 323 726
211 349 1203
69 370 712
943 806 675
1226 563 1387
484 34 76
446 1455 1228
1441 738 801
1213 130 179
389 869 351
113 365 1011
658 571 535
1286 102 859
445 1426 239
648 1253 1217
1352 810 426
346 1034 1327
672 1303 858
151 1376 837
530 1453 1102
707 1349 400
358 196 795
98 687 1231
1252 398 686
1322 947 251
1194 1480 157
343 283 463
188 1176 425
1299 706 938
1190 1118 750
1056 58 1074
780 1370 684
179 421 1213
98 1228 1455
823 1285 359
696 487 130
905 603 485
1310 833 377
220 497 921
160 1100 978
1025 878 488
727 1172 49
429 991 864
108 561 1241
1236 1351 653
959 956 447
1401 342 634
311 182 1124
139 803 829
132 295 1339
268 1242 68
71 694 1413
430 995 1173
1198 1223 733
442 827 1034
1446 578 589
891 974 42
794 305 274
1043 614 305
602 1193 1054
147 104 1150
33 1379 708
1120 324 1323
1331 437 659
241 1269 438
763 1230 186
1191 253 757
1110 1483 746
1437 588 1300
1330 176 231
552 1176 578
1487 583 1326
756 476 1325
982 1131 180
1383 893 756
757 253 1128
502 1059 913
0 922 280
26 334 592
1011 801 113
268 717 120
422 520 555
253 224 0
459 423 321
1008 1418 1493
24 987 1182
1328 139 1233
59 1442 1463
724 335 586
1380 834 654
384 369 486
224 1357 229
698 2 452
873 1371 33
1221 396 302
753 1029 1342
954 1178 1038
479 1066 1487
479 1487 1326
937 816 1334
322 1290 786
747 963 804
696 439 1271
495 1239 1410
1087 1138 1264
1417 874 996
928 50 94
979 1404 411
657 240 808
1200 1333 551
789 61 181
1115 759 912
828 183 213
454 1239 495
852 1483 1291
1216 1424 1041
370 1148 712
1029 753 758
418 858 1303
131 420 775
603 562 1365
1450 1018 249
993 363 948
112 1219 1228
1347 1450 956
84 214 1010
518 913 1059
1063 653 1351
1210 999 1051
155 467 686
162 803 667
41 743 1478
908 1036 151
1018 930 168
275 1308 186
392 1013 914
551 427 1001
290 1430 854
613 549 344
1447 459 1137
304 1492 1308
840 21 1154
763 821 1020
749 1140 1068
241 946 1269
182 304 1300
941 1195 533
1332 677 753
863 244 1484
652 1315 406
73 46 907
648 1008 412
1185 455 730
914 220 805
291 716 867
318 1437 1300
307 754 412
1285 1490 145
906 1186 146
452 693 984
1486 667 929
1349 1276 1377
904 1435 1019
1239 454 297
1078 565 799
879 459 321
82 280 1238
1320 148 814
1076 1402 897
531 654 926
180 647 958
400 1198 733
284 138 371
1260 83 1493
663 1052 804
53 229 922
599 1268 1314
1147 951 1255
237 104 960
27 1168 710
11 1294 1381
1451 867 716
1010 214 985
977 368 1018
1146 728 1444
274 923 8
1348 896 1354
598 296 297
1351 841 1403
387 952 416
436 513 802
976 309 719
500 1106 477
196 501 1483
348 627 831
875 1107 303
874 349 212
483 159 187
1450 447 956
848 451 1234
1437 498 1202
1152 180 532
949 706 340
656 133 560
417 778 592
1431 568 309
59 111 1207
144 667 1328
860 352 1206
337 644 1360
8 710 163
512 154 576
968 286 1040
449 910 260
666 614 506
148 116 722
1237 93 671
332 1420 184
90 170 968
158 790 784
11 981 931
485 1136 492
1480 208 830
319 133 228
1335 121 1080
1049 971 1129
499 343 463
860 1206 915
443 934 831
222 152 1191
281 109 258
1084 831 934
1165 651 1088
1462 6 399
518 1059 1222
1138 305 1264
1349 514 400
1377 73 125
735 299 1187
65 538 277
566 383 1101
680 824 399
330 569 773
1278 772 1227
596 489 205
407 1416 62
655 938 1149
933 1301 1449
6 69 399
1067 129 942
324 1215 1491
1045 884 259
580 1055 1125
1121 783 1118
360 197 534
340 574 1461
866 303 1107
975 1388 748
27 937 77
780 431 1493
1041 1329 1216
1475 876 532
1356 1318 885
398 52 730
508 276 279
259 884 326
1463 111 59
1042 423 745
3 152 1197
59 209 56
431 780 412
1383 989 525
1027 37 1061
48 1186 670
1123 683 1392
1393 788 482
1131 1475 532
810 1467 77
690 62 1345
1064 1211 1256
652 1403 866
1196 611 791
372 488 842
926 834 1066
740 396 1366
581 19 1172
938 655 1299
894 43 379
486 141 381
641 1147 745
621 473 524
401 762 879
621 656 394
917 1312 839
634 342 1081
1371 324 765
1440 528 1162
978 1100 743
1221 582 1366
1108 229 1357
1389 830 1284
74 285 599
1440 1245 326
1405 1439 769
1203 1379 206
407 919 693
509 875 1037
1305 1085 960
857 935 768
23 409 494
1051 54 450
1164 45 254
1111 561 108
817 1244 746
286 92 1202
242 635 1415
1339 1470 132
939 713 666
1261 606 697
1373 724 586
1367 750 1153
19 1253 754
18 1430 290
1052 1019 85
465 1488 856
227 906 323
979 877 510
540 1233 503
345 1161 615
267 853 682
1210 368 1050
445 1114 928
333 1242 189
1433 1249 710
24 249 899
1460 472 300
499 463 680
1097 1025 939
1056 524 58
379 529 1071
628 142 207
1163 1005 699
1487 1272 583
658 735 571
233 987 404
917 839 255
257 1293 338
43 894 899
930 571 554
411 1404 557
540 1468 1065
908 391 1313
819 451 927
467 155 1394
1421 797 203
564 936 500
636 972 1259
800 563 826
516 389 595
1114 1339 467
808 1272 1047
886 148 1320
143 281 1360
134 386 1089
1090 846 665
1442 509 505
989 1383 541
1387 563 800
947 1113 1096
1288 73 907
1285 853 594
816 937 372
416 172 387
1334 70 574
680 463 965
149 1077 127
558 994 649
1303 918 418
343 742 1088
314 1031 671
1351 1236 841
603 1058 193
1248 573 204
487 63 514
963 116 663
762 1406 692
644 337 900
580 71 1055
969 911 1181
1359 1408 332
1309 465 146
780 684 739
339 1265 23
1157 1136 508
284 814 1428
390 934 443
1072 405 626
1298 363 1137
871 1014 825
278 249 793
841 1414 1469
122 1101 383
1116 944 258
470 1075 844
5 809 198
206 1379 1371
327 664 1178
822 755 909
1047 460 1380
1476 572 344
186 1308 1492
882 700 1130
126 1378 1289
1241 856 1488
843 1015 921
872 37 1027
699 649 585
1221 1366 396
265 1090 913
480 1387 733
934 482 1084
383 678 1070
1434 1096 1113
1263 1086 1194
814 284 480
978 491 1386
382 136 721
278 493 43
1037 1137 173
502 913 239
240 657 287
959 589 465
1212 462 175
981 333 697
22 567 966
819 114 1023
369 132 457
613 238 982
1492 304 1405
630 1373 586
1399 1396 975
1380 654 221
250 1421 825
1303 672 597
1414 1236 681
998 540 1065
553 703 374
714 732 1354
727 49 462
365 520 414
36 158 784
293 701 942
322 301 792
759 432 912
60 1222 936
967 1327 479
581 567 1030
523 229 1108
373 587 375
1198 514 63
292 419 233
384 295 369
1483 38 746
216 604 1144
761 1275 139
353 1284 72
1096 679 784
854 478 290
289 485 1368
1063 417 334
399 69 213
322 1230 301
1050 977 28
408 610 264
1328 1400 144
352 689 1093
533 1335 898
692 1224 1053
1294 1481 795
937 27 710
1148 1085 1305
109 281 143
268 813 717
47 288 1232
71 1413 1046
1408 1359 242
190 960 1085
974 1019 1435
1200 403 1333
435 1490 1285
885 172 787
1109 995 456
862 605 752
13 615 119
1067 942 701
865 946 136
896 1033 1292
1126 1042 497
840 1235 1125
1273 1080 121
990 44 240
366 728 1146
911 969 1296
448 1 117
421 179 1243
1367 945 313
330 773 1145
61 789 1273
88 734 578
500 936 1106
596 1463 489
840 71 1046
232 965 463
146 734 88
888 737 390
1374 701 293
1114 467 1394
188 88 1176
91 1023 957
372 8 923
896 1139 1443
553 374 1384
1267 960 104
565 140 799
267 682 539
786 835 90
311 759 1427
809 378 895
616 793 1458
1300 304 318
686 384 1252
430 1173 9
25 766 22
516 619 389
468 424 1250
198 809 1167
1417 55 376
1098 102 361
434 673 844
548 486 392
543 829 1006
861 478 210
928 1114 1394
1475 238 876
355 829 579
1251 1282 1281
1283 953 273
113 586 1356
1188 1275 1135
487 1243 130
296 557 1239
692 141 1224
273 953 910
843 764 1015
420 201 775
1444 728 1009
711 1197 417
709 317 817
826 707 400
299 735 1051
327 1477 433
993 745 1447
1169 122 403
626 483 99
1058 824 193
379 871 1310
979 598 462
1339 295 467
1197 778 417
1301 933 512
315 391 908
23 461 1223
1248 376 534
1056 1047 221
178 105 556
1387 800 400
151 1036 1141
223 564 1214
205 1183 596
940 393 815
1153 945 1367
273 1432 791
1397 964 94
474 498 275
105 251 556
246 382 901
545 1067 386
1413 694 454
21 1046 915
1448 787 172
187 7 963
510 216 979
579 1064 683
985 214 779
730 455 398
620 1266 1225
484 1032 34
500 1246 564
82 1238 490
944 306 258
1312 1156 428
1381 268 68
1454 198 642
966 933 22
356 345 1143
761 1135 1275
953 1283 491
905 485 1180
738 1441 288
1476 472 572
458 973 1037
256 819 1023
903 565 171
1104 616 1458
1292 798 1462
305 666 713
1425 825 1014
1214 1074 58
1267 1305 960
221 872 1056
1280 1115 912
1172 19 49
1010 748 84
909 1156 822
64 805 1472
965 289 1368
1113 947 366
725 317 1079
325 406 1315
1086 402 208
695 545 325
515 917 255
1182 249 24
7 413 722
657 1047 1453
1117 225 1327
667 1397 645
1017 590 943
1389 353 438
560 133 481
752 605 1398
78 1072 891
244 1032 484
251 1409 35
1410 1239 557
494 487 696
49 553 312
638 203 797
47 731 288
944 1151 1060
875 1442 1317
1103 254 636
108 811 720
15 774 775
617 660 50
421 57 689
497 1042 1255
1299 655 1364
752 66 18
1335 719 898
1084 356 831
1350 1359 1141
292 1441 631
586 335 1318
153 1108 293
1313 807 908
746 1369 1110
488 878 674
616 737 493
160 1331 659
545 129 1067
966 727 542
1472 52 64
585 865 397
567 1172 727
1489 775 774
1445 164 903
231 641 993
1002 1325 1258
1134 1171 149
296 598 411
663 804 963
1032 244 863
1389 1482 994
1083 872 656
327 1237 664
717 813 749
789 821 1273
1415 1279 254
60 269 1222
447 987 1257
777 1316 332
663 886 904
1310 1421 833
862 752 444
1367 189 750
1252 384 64
519 1028 1456
1304 332 639
1110 1291 1483
1386 1048 1127
840 1046 21
138 1378 371
284 1387 480
89 461 1476
1365 896 1292
1299 340 706
1431 395 341
48 1293 40
219 900 873
161 1248 1471
1124 759 311
517 770 544
128 124 689
851 309 86
1159 998 271
813 1209 1004
944 1116 202
1151 975 1060
683 1199 629
919 924 693
493 793 616
536 1263 1194
896 67 1033
62 1416 2
1469 866 1403
937 710 8
1183 691 1007
190 890 960
60 857 519
959 856 550
681 1336 832
719 632 976
353 117 1
749 1353 1319
1437 318 275
140 1187 799
1185 730 97
246 855 397
549 1320 1476
194 812 902
18 66 1430
293 942 153
187 159 7
624 20 1124
849 829 298
79 46 1377
1130 700 137
323 338 507
634 276 1092
5 1238 809
1493 431 1008
781 1053 408
1324 1211 849
990 316 1276
1276 357 741
1399 975 1407
681 1330 1336
196 852 1294
1169 403 1200
213 1485 499
680 838 499
1024 1035 77
32 359 594
475 1128 1395
609 916 1320
1132 1280 851
1234 1390 492
1397 94 645
220 914 497
1205 528 570
781 264 1007
1149 576 154
394 935 577
887 1089 386
1231 721 796
331 291 1213
636 1006 162
1194 109 170
339 1271 472
183 722 1485
440 1455 446
255 118 177
656 524 1083
1125 542 580
760 1464 241
416 1444 1009
555 571 1187
770 517 684
868 979 49
1341 1062 640
1199 307 629
988 1343 1098
265 1456 1174
404 87 233
535 571 930
791 1432 1196
134 1089 226
246 397 892
1166 1376 151
575 1165 354
25 933 1449
1370 992 878
1169 1395 490
764 1472 1015
917 515 1402
505 489 1442
114 819 927
264 610 1174
849 1277 1324
564 223 577
1165 1088 159
667 1486 1397
1156 909 1332
1187 299 799
127 1346 1155
991 429 618
1276 1349 707
788 329 482
181 61 815
659 1208 1220
52 398 1252
309 976 86
639 1201 1240
617 1021 660
225 479 1327
1258 476 1023
667 645 660
86 769 1439
79 469 75
849 298 391
200 827 1314
1187 571 735
252 1227 772
1100 615 743
1401 1173 342
793 493 278
618 782 156
120 1190 189
240 287 1095
1206 21 915
1115 1427 759
379 1071 894
1296 969 1053
306 1060 1355
294 973 646
92 1473 115
1290 792 698
1012 362 448
600 744 1144
821 1082 1273
189 1242 120
958 647 1435
990 1276 741
899 278 43
95 730 764
1230 763 1020
810 1352 1102
1170 527 1002
567 581 1172
1009 1322 35
705 1386 1127
895 378 755
827 1117 1034
906 88 323
1435 904 916
554 76 168
249 278 899
478 854 210
176 1330 815
1381 1294 852
199 1011 552
151 1141 312
28 1247 1347
421 689 124
865 585 649
1355 1360 281
304 182 311
843 1175 889
247 610 408
1348 65 67
1271 439 300
881 17 1032
1092 1122 575
649 1482 865
939 683 544
531 225 1117
488 674 842
520 1266 414
897 1369 1244
1237 1130 137
130 1243 179
577 60 936
1338 1162 528
794 163 1382
665 1174 610
266 198 715
1162 192 1440
857 768 740
861 210 634
666 683 939
164 140 650
46 79 75
1278 638 772
250 234 627
134 652 386
894 1071 668
991 33 708
1077 29 441
883 444 245
683 666 506
437 1208 659
1326 373 1150
230 40 1155
1066 834 1487
951 1175 843
820 1133 1297
795 196 1294
458 1037 1391
8 163 274
398 455 513
1295 424 884
471 1257 199
1337 1459 778
445 1375 262
625 434 1341
1364 174 1438
60 935 857
1218 1278 248
309 898 719
128 559 1319
1189 1144 880
1175 1195 941
1079 709 718
1257 233 419
504 424 690
1132 1405 1427
26 1459 1337
1218 1073 638
833 203 377
594 685 32
1148 537 1085
1076 897 1244
550 1241 28
269 518 1222
1426 608 239
387 335 955
590 320 806
1209 1381 328
439 696 1213
1446 959 447
335 724 955
366 1322 728
628 87 142
601 1286 546
261 356 1084
155 686 436
105 625 1409
1390 893 492
1093 154 512
527 894 668
821 763 1082
1482 1389 1269
176 1054 231
974 96 245
235 413 7
595 1325 661
58 473 223
512 1154 1093
1001 757 475
1491 1323 324
194 150 637
911 1296 691
464 920 593
1215 236 1355
396 319 302
16 31 1484
1095 990 240
224 253 1191
1435 916 958
1250 504 767
45 1201 254
948 363 347
651 283 1088
1273 1082 1080
105 1409 251
1280 166 156
234 888 627
391 298 336
45 1164 1466
1479 177 1140
672 209 597
596 111 1463
1452 1032 17
1342 867 1068
103 310 100
1165 159 483
1381 68 11
369 295 132
915 1046 1118
957 593 91
1196 962 1358
1133 55 1091
444 883 862
1034 6 364
183 828 191
85 1019 974
440 823 32
1058 603 1365
771 769 86
1255 745 1147
1326 237 890
297 175 598
711 887 701
332 1408 639
1428 722 183
1139 896 1365
1449 410 25
969 692 1053
1263 402 1086
1410 1153 495
631 1441 801
480 89 814
239 271 502
1054 1193 641
755 378 955
1105 428 1342
1221 36 582
267 671 93
952 955 378
1147 641 1193
22 1030 567
884 1045 1177
301 62 2
1118 1046 1413
764 843 282
35 1322 251
1218 638 1278
1228 98 760
683 506 579
59 56 1317
680 399 838
92 870 1473
103 100 618
652 1107 607
923 1087 1264
1455 729 1192
545 695 672
830 1389 994
540 998 1400
1241 1488 108
589 959 1446
404 142 87
228 285 319
1373 876 724
566 678 383
1119 818 1304
170 90 536
1099 630 586
1050 999 1210
143 1360 194
1229 932 943
1162 653 192
415 420 624
499 742 343
414 1011 365
659 1220 1143
642 1101 122
94 50 645
970 1063 226
261 329 1161
492 1180 485
775 201 1473
1411 600 1144
1369 897 1110
1478 619 751
1029 867 1342
377 962 1196
986 1224 141
1457 188 425
832 1336 993
1233 1400 1328
779 135 985
1290 1158 835
1150 741 147
160 659 1100
731 738 288
867 1451 1068
1140 177 118
37 872 654
1472 764 730
1356 885 365
1415 254 1201
61 176 815
797 1421 252
249 1018 793
1043 1188 614
1126 762 401
1272 808 583
478 861 405
232 508 965
522 1121 717
714 989 541
311 1427 1405
92 588 1437
81 605 862
457 141 486
636 162 1103
1114 1470 1339
557 1404 1189
483 626 354
1003 649 699
764 282 95
941 898 568
991 100 33
1276 707 357
1240 45 1466
72 1284 208
133 1027 1000
106 299 450
23 1265 461
140 555 1187
1165 483 354
183 1485 213
584 375 44
783 1319 860
576 706 1301
175 454 694
519 857 1028
1382 1275 794
775 688 308
370 69 346
591 560 481
17 329 788
1319 783 522
246 195 855
1394 50 928
1294 931 51
1156 1312 633
1262 1168 27
721 136 796
720 811 385
252 250 627
24 404 987
1419 1424 504
1104 1393 390
941 533 898
812 776 968
396 1307 319
1105 1342 1068
1012 448 702
753 1342 428
992 1461 674
147 126 104
0 53 922
1369 746 1244
472 1476 1265
1120 765 324
975 1151 1144
218 20 131
1269 1389 438
369 457 486
1414 948 1469
566 718 1038
373 1016 44
1473 201 115
782 429 864
1132 1439 1405
853 267 93
670 1293 48
26 592 1459
41 751 953
1301 949 1449
707 826 357
506 355 579
990 1095 316
908 272 1340
519 1456 269
729 440 32
848 1234 1136
1 448 1490
1081 114 279
1295 884 1177
1439 1132 86
1285 594 359
760 112 1228
1142 919 407
58 524 473
114 169 279
282 568 1431
971 1049 1208
388 1366 1343
186 1230 322
1057 472 1460
814 148 1428
643 1468 980
357 826 563
152 3 1191
993 1330 231
802 513 455
870 15 1473
427 551 1017
1064 579 829
207 464 430
584 107 375
825 234 250
973 509 1037
1146 229 523
1134 106 1171
601 546 1007
883 245 96
1180 525 905
1076 633 917
95 341 1185
686 295 384
75 215 39
1458 34 1104
1306 391 336
1262 1453 1056
538 1075 470
740 1366 388
861 575 354
488 923 1264
225 1066 479
773 520 365
208 1284 830
20 961 310
57 154 689
1398 628 66
1184 545 1474
953 491 41
77 1334 1024
1112 257 338
1320 814 89
1471 1248 204
471 578 1446
934 1393 482
1168 1074 1433
1112 338 323
733 1223 461
36 679 418
951 1195 1175
1224 986 1470
595 260 516
595 389 351
688 775 1489
860 915 783
1213 291 439
1190 1121 1118
80 402 1385
709 1038 718
31 863 1484
556 1096 784
987 447 1182
1371 1379 33
102 1098 918
1327 537 346
802 1021 436
756 1325 595
1329 1236 1162
1054 521 602
750 1118 1413
235 1088 742
421 1288 57
569 555 773
334 26 192
782 1431 950
264 781 408
1288 907 57
139 355 761
1007 546 111
990 584 44
93 1237 327
1015 1472 805
989 1465 525
141 457 986
194 688 1489
1428 191 138
246 892 382
948 347 1094
445 928 1426
829 849 1064
685 1344 32
1336 1330 993
640 1062 538
817 746 38
921 1255 951
957 456 593
1005 944 202
1085 537 967
347 1298 1037
461 89 733
266 725 198
1413 454 495
1401 854 1173
737 888 493
415 624 182
1424 393 1041
1455 1192 662
787 243 1145
377 203 962
1071 1432 449
1480 1194 1086
1465 1365 562
503 980 1468
128 1353 716
797 252 772
1283 791 611
217 1304 1429
832 948 1414
347 1037 1094
75 426 215
1230 1020 789
186 1492 763
1157 279 169
1209 1402 515
90 835 536
627 888 443
919 1177 1229
747 626 99
1409 16 35
386 652 406
68 1242 11
1101 642 725
623 499 1485
162 1006 829
875 509 1442
660 204 667
752 1398 66
480 733 89
694 1212 175
384 548 64
376 1248 161
1489 774 150
866 948 1094
741 107 990
750 495 1153
1314 470 599
1460 101 1057
1321 1471 1185
973 458 646
1094 1037 303
437 350 971
648 412 754
771 86 976
634 1092 575
615 1143 345
1235 840 1154
170 536 1194
1018 168 793
400 514 1198
605 81 47
766 25 410
399 824 1058
1056 1453 1047
544 878 1097
1423 1231 1274
1216 767 1424
1260 1449 83
845 762 1126
840 1055 71
464 593 456
889 282 843
0 82 1128
69 828 213
283 651 1122
1254 748 1388
1436 49 785
655 57 907
137 675 806
1236 1329 681
485 603 193
194 1179 688
137 664 1237
234 1425 888
59 1207 859
978 743 41
453 1392 185
320 1270 806
1013 1126 497
1110 328 1381
517 629 739
660 802 204
333 981 1242
865 892 397
36 784 679
563 741 357
1017 932 1045
331 1213 421
1428 183 191
1155 40 1293
411 598 979
1022 1111 441
1264 939 1025
985 30 1010
1353 1068 1451
763 632 1082
566 1038 678
496 609 613
1125 1235 542
1146 1113 366
163 1249 1382
1211 1064 849
104 126 1267
539 671 267
486 548 384
992 949 1362
358 1344 196
1416 407 693
1000 228 133
1402 1076 917
1126 401 1042
1469 1403 841
1117 1327 1034
263 1111 720
1178 1070 678
909 677 1332
1040 90 968
402 1263 1385
395 864 991
247 123 262
1479 1140 749
736 697 687
1097 939 544
640 1409 625
351 541 595
92 115 588
844 1341 434
355 1135 761
153 523 1108
945 901 313
355 506 614
494 696 1271
291 110 716
518 269 265
1040 786 90
992 674 878
1041 681 1329
1311 206 1371
297 454 175
704 565 1078
595 661 668
832 1414 681
1429 1304 818
412 780 739
96 1435 647
1221 302 158
1063 1351 226
729 358 795
991 708 395
595 541 756
114 1081 342
6 1462 364
1039 1012 80
496 958 609
284 1428 138
773 555 520
427 222 1001
217 777 1304
634 210 1401
538 470 1314
641 231 1054
286 1202 1040
106 1078 799
904 1019 1052
1299 1364 1438
657 530 1352
998 1159 144
1066 531 926
1419 12 1230
620 1225 983
1090 265 846
147 1226 126
1479 749 1004
999 1050 1022
324 236 1215
1136 1157 848
679 1434 1474
951 843 921
1260 1493 1418
235 742 413
394 560 768
1139 714 1443
1217 1030 766
1246 1214 564
350 437 248
913 518 265
997 539 1372
1314 1268 200
700 924 1229
481 1307 591
749 813 1004
495 750 1413
1474 1434 129
177 1209 515
1362 340 1461
899 527 1170
745 1255 1042
951 1147 1195
1438 466 574
808 240 44
1456 601 1174
300 439 14
1256 1392 1064
790 158 673
650 565 903
1214 1246 643
1000 1061 599
1006 636 1259
866 1107 652
1407 975 1144
1290 835 786
178 790 625
633 1312 917
372 923 488
734 465 589
1212 580 727
1018 368 535
236 1360 1355
259 427 1045
136 1464 796
820 1297 779
93 594 853
1403 652 226
203 833 1421
1087 923 274
1181 762 692
334 192 653
570 468 1205
1484 244 243
1488 1309 811
1261 313 606
550 1347 959
371 1378 1226
323 188 726
1412 101 1029
929 144 608
502 477 1059
146 88 906
557 1026 855
630 738 731
941 282 889
845 1406 762
364 798 442
350 1227 971
1419 181 393
919 1142 1295
830 558 1480
851 156 309
1029 758 1412
1271 300 472
1357 293 1108
1290 322 792
995 342 1173
145 682 853
197 360 1164
512 933 1235
1038 709 954
1423 1274 606
1152 532 630
698 452 984
920 142 24
1304 777 332
864 1431 782
810 1035 426
1231 697 1274
385 811 1309
696 130 1213
1315 695 325
428 1156 1332
1379 1203 349
1453 530 657
494 63 487
961 308 900
1009 1448 172
545 1184 129
730 52 1472
301 1230 12
1306 1313 391
701 1197 711
757 222 1191
1066 225 531
164 650 903
198 1167 715
585 622 1163
286 776 870
261 1161 345
332 1316 1420
222 757 1001
1042 321 423
1191 3 1357
1260 1418 410
1346 263 230
491 1283 1386
691 1183 205
1074 643 1433
81 862 883
85 804 1052
1402 328 1110
539 997 984
983 903 425
612 985 135
786 498 474
424 326 884
1113 153 1434
414 1266 620
1065 271 998
711 417 1063
1251 874 212
676 127 1155
205 911 691
757 1128 475
763 771 632
675 137 700
748 1215 1060
165 280 1444
347 363 1298
1210 1051 735
1286 859 1207
528 1205 1338
570 1440 326
800 826 400
616 1104 737
1039 80 1158
1318 1356 586
1092 508 232
111 596 1183
824 680 965
835 1158 1385
258 1003 1116
963 7 722
1204 619 13
120 717 1121
377 529 1310
630 1363 738
997 1012 1039
128 352 559
283 232 463
1016 583 808
449 260 668
959 1347 956
222 259 1337
85 747 804
388 1343 988
949 992 83
1030 1253 581
33 100 873
1128 253 0
837 908 151
1348 67 896
339 23 1271
1321 708 1379
560 591 740
1054 121 521
349 1471 1321
1146 1444 229
189 697 333
96 974 1435
268 120 1242
789 1020 821
910 953 516
1462 798 364
1188 1135 614
476 756 893
314 984 1031
236 337 1360
582 36 418
967 190 1085
305 713 1264
888 1425 1014
378 165 952
313 721 1423
1402 1110 897
985 612 30
505 294 489
1240 1466 55
810 77 1035
1291 1381 852
377 1196 1071
961 218 308
307 739 629
193 824 1368
710 1249 163
1412 344 1057
1026 1189 880
817 317 1244
1302 1251 1281
1289 1378 191
319 481 133
355 614 1135
1299 1438 340
32 823 359
508 279 1157
812 968 902
191 828 712
1049 348 356
592 334 417
277 442 798
70 1461 574
1239 297 296
829 803 162
1326 1150 237
925 731 81
845 1126 1013
1274 697 606
557 855 1410
1151 880 1144
141 692 381
1043 794 1188
754 307 1199
1347 1247 1450
1193 602 1147
422 1225 520
974 245 42
54 1171 450
802 660 1021
32 1344 358
1448 1009 35
171 1457 903
887 386 270
59 1317 1442
715 1167 822
546 1286 1207
1428 148 722
1460 300 367
1346 1111 263
805 220 1015
122 383 1070
558 157 1480
573 162 667
491 978 41
816 842 1461
38 501 954
1452 34 1032
597 209 918
1011 199 631
1250 767 1205
760 241 438
1034 364 442
154 57 1149
158 36 1221
221 1047 1380
577 223 394
996 874 1251
276 634 1081
503 139 980
142 404 24
943 590 806
961 900 219
932 1229 1177
657 1352 287
467 295 686
25 22 933
227 323 507
489 294 205
662 98 1455
668 260 595
465 1309 1488
812 194 637
836 1042 401
705 1127 723
563 147 741
1478 751 41
1141 1359 332
790 673 434
91 1170 1002
416 952 165
1074 1262 1056
640 16 1409
527 661 1002
97 95 1185
691 1296 1007
31 1348 863
842 816 372
1451 716 1353
1044 883 96
1240 1133 639
582 1343 1366
982 180 850
561 1022 1050
1129 348 1049
1209 328 1402
53 0 224
613 344 1412
544 770 878
859 209 59
611 1358 723
822 895 755
807 1036 908
1404 1144 1189
1026 1163 622
152 1069 1197
1285 823 1160
588 415 1300
673 74 844
329 881 119
425 1176 620
1055 840 1125
1426 964 608
14 367 300
1358 962 1218
415 182 1300
948 866 1469
1077 441 1111
1474 858 679
738 113 801
721 901 382
849 391 1277
880 1151 1005
769 771 763
1464 760 98
578 471 199
368 1210 535
128 689 352
788 1452 17
244 330 1145
1264 713 939
1481 729 795
1080 1082 719
1440 26 1245
1391 879 458
1179 644 688
1475 1131 982
1091 1417 996
1291 1110 1381
946 865 1482
1012 997 1372
132 1470 986
266 715 633
870 92 286
366 947 1322
1479 1209 177
698 792 2
109 902 968
1419 789 181
1419 1230 789
202 1116 699
145 362 1372
1395 1128 82
776 15 870
62 12 1345
1448 35 16
508 1136 289
45 1240 1201
1041 940 681
569 484 76
865 136 892
874 161 1471
1069 222 1337
259 222 427
1204 119 881
625 790 434
487 125 1243
863 732 1032
571 555 554
539 314 671
1373 630 532
277 538 1314
875 607 1107
1101 1079 566
1133 820 1119
1232 288 1441
1430 66 9
532 876 1373
504 690 1345
247 665 610
676 1134 149
1028 388 988
305 794 1043
121 61 1273
778 1069 1337
380 573 197
459 173 1137
803 1328 667
199 419 631
1111 108 720
1210 735 658
1168 1262 1074
290 478 78
1162 1236 653
1257 987 233
618 167 103
1234 451 1390
784 178 556
1023 476 256
10 1070 320
1287 1279 1415
1115 1280 1132
219 873 100
602 1195 1147
171 704 1112
239 1375 445
1265 1476 461
1238 5 490
701 887 270
126 1226 1378
1134 511 257
1171 29 149
668 1071 449
1365 1462 1058
722 742 623
459 879 1391
167 156 166
379 43 871
593 1170 91
502 271 477
154 1093 689
654 872 221
572 472 1057
774 15 637
190 967 479
838 213 499
7 159 235
963 99 187
827 277 1314
39 174 75
1465 905 525
835 1385 536
303 866 1094
979 868 877
4 1065 669
1155 1346 230
19 1199 453
257 1112 704
585 397 622
970 1089 887
984 924 882
1248 534 197
1141 184 312
1204 13 119
227 670 1186
1029 101 367
255 839 118
301 12 62
836 879 321
1482 1269 946
749 522 717
742 499 623
625 105 178
1017 551 1333
433 954 501
1007 1296 781
690 424 1142
438 353 1
1008 648 1418
1391 1037 173
1090 1375 913
42 245 290
302 673 158
266 1076 725
918 582 418
1091 55 1417
637 150 774
999 1022 54
636 1279 972
1212 727 462
87 628 1398
848 1157 927
552 620 1176
219 100 310
262 1090 665
587 373 44
545 386 406
42 290 891
787 1448 243
902 109 143
107 584 990
1216 1329 1338
415 115 420
249 1182 1450
907 1364 655
294 505 973
907 46 1364
719 1335 1080
686 398 436
426 1095 287
1101 725 1079
868 49 1436
739 684 517
1123 1199 683
243 16 1484
1023 91 1258
534 376 1466
731 526 630
1181 646 458
1476 1320 89
823 446 1228
188 1457 726
475 551 1001
1028 988 1098
462 49 979
1017 1333 590
1447 423 459
1312 428 839
900 688 644
1244 317 1076
940 1330 681
1386 705 1331
116 148 886
873 337 236
754 1199 19
490 198 1454
608 144 1159
2 1416 452
11 931 1294
498 1437 275
784 790 178
1374 1357 3
326 1245 1337
723 1358 1218
1296 1053 781
560 740 768
1200 551 475
1286 361 102
390 737 1104
1012 1372 362
715 1156 633
930 1018 535
1077 1346 127
1414 841 1236
677 724 876
1491 1215 748
709 817 954
767 1216 1205
452 1416 693
836 321 1042
1056 1083 524
109 1194 157
149 127 676
180 1044 647
652 607 1315
1002 661 1325
335 387 1318
908 1340 315
1282 1251 211
1270 320 664
1289 1267 126
786 474 322
780 1493 83
1459 592 778
270 386 1067
1258 91 1002
962 203 1073
819 1390 451
1385 1263 536
1134 1078 106
1470 408 1224
257 1078 1134
1380 1272 834
1368 485 193
980 1249 643
320 1070 1178
916 609 958
1474 545 858
920 899 1170
867 367 14
982 238 1475
1280 156 851
703 553 453
1197 701 1374
1129 971 1227
776 637 15
490 5 198
996 1297 1133
1250 1205 468
813 268 1381
73 1377 46
1486 964 1397
474 186 322
23 1223 409
1154 512 1235
534 1466 360
824 965 1368
1166 553 1384
864 395 1431
172 1318 387
132 986 457
605 47 547
1032 732 881
56 209 672
358 729 32
1102 1352 530
661 527 668
1454 122 1169
514 125 487
285 673 319
1355 1060 1215
654 1268 37
1307 481 319
648 1217 410
727 580 542
1000 599 228
1105 118 839
1243 125 73
1389 1284 353
805 64 548
10 403 1070
1109 957 1023
876 238 677
758 238 613
1156 715 822
476 1258 1325
378 809 280
683 629 517
257 704 1078
856 1241 550
1445 983 1225
753 428 1332
549 609 1320
234 825 1425
1155 511 676
1171 54 29
1009 728 1322
1270 137 806
1177 919 1295
157 258 109
863 1348 1354
879 836 401
608 964 929
500 669 1246
175 462 598
860 559 352
618 156 167
329 119 615
194 1360 1179
1098 601 1456
1382 1249 980
980 1275 1382
993 948 832
660 645 50
650 140 565
1068 1140 1105
1453 1262 1102
622 855 1026
676 511 1134
1327 967 537
1013 497 914
669 1468 1246
51 931 1192
172 885 1318
286 968 776
48 385 1309
544 683 517
711 970 887
729 1455 440
647 1044 96
449 1432 910
1144 1404 979
782 950 156
639 1119 1304
131 624 420
540 1400 1233
490 1395 82
656 560 394
1343 582 918
1143 615 1100
1204 389 619
694 71 580
138 191 1378
1178 664 320
161 874 1417
763 1492 769
1227 252 1129
117 353 72
114 342 995
1139 989 714
432 310 166
568 282 941
1393 1452 788
435 1 1490
76 554 569
426 1035 215
82 0 280
1145 773 787
199 1257 419
1235 966 542
920 464 142
1242 981 11
63 494 1198
1283 273 791
979 216 1144
97 730 95
611 723 1048
1192 1481 51
1374 293 1357
207 142 464
1321 395 708
779 1297 135
1457 425 903
1415 1408 242
943 675 1229
356 261 345
472 1265 339
773 885 787
758 613 1412
992 1362 1461
525 492 893
248 1278 1227
124 331 421
1476 344 549
874 1471 349
1003 699 1116
283 1122 232
1363 1099 113
485 289 1136
447 471 1446
702 72 80
226 652 134
873 900 337
540 503 1468
940 1041 393
66 207 430
412 1008 431
1293 511 1155
453 553 19
654 834 926
1102 1467 810
900 308 688
131 20 624
604 1411 1144
758 753 238
558 649 1003
441 29 54
1489 150 194
261 1084 482
964 928 94
391 315 1277
80 1385 1158
260 910 516
466 1024 574
129 1184 1474
1238 280 809
677 755 724
783 915 1118
1367 1261 189
916 886 1320
258 157 1003
1088 235 159
151 312 553
1190 120 1121
26 1337 1245
493 888 1014
771 976 632
630 526 1152
424 1295 1142
992 1370 83
739 307 412
1098 1343 918
672 1315 56
57 655 1149
1433 643 1249
1182 447 1450
1089 970 226
725 642 198
1447 363 993
102 209 859
609 549 613
1130 1031 882
894 527 899
422 164 1445
403 10 1333
93 327 433
1297 1251 1302
1217 766 410
1072 747 85
597 918 1303
317 725 1076
243 244 1145
558 1003 157
305 614 666
792 301 2
1065 4 271
1279 636 254
1251 1297 996
1442 489 1463
455 1471 802
895 822 1167
378 280 165
287 1352 426
1109 114 995
422 1445 1225
1113 523 153
607 1317 56
1123 1392 453
634 575 861
885 773 365
656 872 133
223 1214 58
1174 601 264
1034 346 6
423 1447 745
326 468 570
500 477 669
367 867 1029
1119 639 1133
48 1309 1186
29 1077 149
545 406 325
1189 1026 557
813 1381 1209
1131 532 180
927 169 114
780 83 1370
1429 818 1422
909 755 677
313 1423 606
891 1072 85
1160 823 1219
779 214 820
1470 247 408
1310 871 825
61 121 176
1165 575 651
568 898 309
850 180 958
1086 208 1480
1 1160 112
124 128 110
798 1292 1033
895 1167 809
892 136 382
515 255 177
1093 1154 1206
305 1087 274
1441 292 547
547 47 1232
66 430 9
567 727 966
205 294 911
601 1098 361
279 276 1081
1090 262 1375
1319 522 749
605 292 1398
1220 1208 1049
953 751 516
1461 842 674
1143 1220 356
332 184 1141
113 1356 365
162 573 1103
1068 1353 749
538 65 31
214 84 818
1220 1049 356
635 1287 1415
1082 632 719
1075 1062 844
1272 1487 834
1012 702 80
136 946 241
252 348 1129
1254 84 748
1171 106 450
381 692 1406
168 1458 793
393 1424 1419
524 656 621
84 847 818
43 493 1014
455 1185 1471
98 662 736
937 8 372
340 1362 949
1464 98 796
1357 224 1191
145 1372 682
34 1458 76
1144 744 1407
1044 180 1152
1477 327 1178
1328 803 139
1268 654 200
706 949 1301
1091 996 1133
1365 1292 1462
237 960 890
1271 23 494
247 262 665
702 448 117
1492 1405 769
1346 1077 1111
720 385 230
129 1434 153
78 405 1072
352 1093 1206
700 1229 675
377 1071 529
511 1293 257
963 722 116
1341 844 1062
1387 284 371
317 709 1079
601 1007 264
882 1031 984
204 802 1471
667 204 573
861 354 405
129 153 942
15 775 1473
111 1183 1007
323 88 188
816 1461 70
704 171 565
203 638 1073
667 144 929
393 181 815
721 1231 1423
785 49 312
624 1124 182
690 407 62
67 277 1033
860 1319 559
924 984 693
81 883 925
1288 1243 73
1341 640 625
924 919 1229
1293 507 338
314 539 984
55 1133 1240
222 1069 152
194 902 143
772 638 797
1044 925 883
1224 408 1053
1158 698 1039
626 747 1072
420 115 201
392 845 1013
442 277 827
247 1470 123
966 1235 933
1005 1151 944
80 72 402
390 443 888
1280 912 166
1025 488 1264
577 935 60
1153 1410 945
925 1152 526
302 319 673
316 1095 469
920 24 899
507 1293 670
1331 248 437
496 850 958
447 1257 471
1037 875 303
943 932 1017
195 901 945
498 1040 1202
415 588 115
30 748 1010
1419 1345 12
1334 574 1024
1163 880 1005
1212 694 580
1491 748 30
561 1111 1022
702 117 72
994 1482 649
543 298 829
1441 547 1232
207 66 628
615 13 1478
697 1231 687
128 1319 1353
1403 226 1351
1440 570 528
230 385 40
432 1124 20
233 87 292
1326 583 1016
436 1021 617
139 829 355
318 304 1308
341 395 1321
81 731 47
611 1196 1358
1405 304 311
1364 75 174
17 881 329
639 1408 1201
805 548 914
679 858 418
736 981 697
65 1348 31
1219 112 1160
1138 1087 305
123 1114 445
1197 1374 3
721 313 901
672 695 1315
1481 1294 51
1456 265 269
492 1136 1234
775 308 131
494 409 1198
356 348 831
389 1204 869
539 682 1372
1272 1380 460
1456 1028 1098
618 100 991
1083 1056 872
1226 147 563
1115 1132 1427
1073 1218 962
189 1261 697
796 98 1231
245 444 290
405 78 478
1099 586 113
1310 825 1421
484 330 244
479 1326 890
558 830 994
108 1488 811
122 1070 403
1431 341 282
99 483 187
662 1192 736
1027 1061 1000
1160 1 435
1479 1004 1209
1037 1298 1137
546 1207 111
557 296 411
1016 373 1326
1039 698 997
1321 1185 341
731 925 526
1394 155 50
475 1169 1200
1047 657 808
460 1047 1272
755 955 724
845 392 1406
1387 400 733
292 631 419
1201 1408 1415
537 370 346
1465 989 1139
166 310 103
131 308 218
38 954 817
776 812 637
1192 931 736
1067 701 270
504 1250 424
1344 501 196
1419 504 1345
816 70 1334
882 924 700
330 484 569
815 1330 940
1334 77 937
1011 631 801
1237 1031 1130
747 99 963
699 1005 202
669 1065 1468
1406 392 486
69 6 346
375 1150 373
910 1432 273
881 732 869
220 921 1015
1163 699 585
642 122 1454
458 879 1181
1285 145 853
343 1088 283
1196 1432 1071
1421 250 252
26 1440 192
677 238 753
955 952 387
1225 1266 520
1297 1302 135
734 146 465
712 1289 191
451 848 927
139 503 1233
433 1477 954
507 670 227
1204 881 869
555 140 422
1052 663 904
223 473 394
104 237 1150
684 878 770
533 602 1335
1109 1023 114
698 984 997
1367 313 1261
1464 136 241
1216 1338 1205
1050 28 561
306 281 258
922 1444 280
477 4 669
1121 522 783
720 230 263
229 53 224
705 723 1218
44 1016 808
566 1079 718
1186 1309 146
732 714 869
593 920 1170
968 170 109
390 1393 934
189 1190 750
1392 1361 185
379 1310 529
299 106 799
1159 271 239
282 341 95
855 195 1410
879 762 1181
410 1449 1260
626 405 354
857 388 1028
246 901 195
52 1252 64
1457 171 726
1371 873 236
1048 1386 1283
1054 176 121
79 316 469
496 982 850
857 740 388
928 964 1426
608 1159 239
50 155 617
490 1454 1169
1437 1202 92
981 736 931
912 432 166
87 1398 292
236 324 1371
1161 329 615
855 622 397
978 1386 160
925 1044 1152
438 1 112
360 1466 1164
197 1164 380
554 168 930
139 1275 980
55 1466 376
961 20 218
531 200 654
751 619 516
74 673 285
1105 839 428
1040 498 786
684 1370 878
954 1477 1178
1106 1222 1059
376 161 1417
437 971 1208
754 1253 648
574 340 1438
1424 767 504
513 436 398
852 196 1483
1465 1139 1365
1267 1289 1305
440 446 823
479 890 190
643 1246 1468
521 1335 602
329 261 482
450 299 1051
512 576 1301
1030 22 766
306 1355 281
1057 344 572
630 1099 1363
171 1112 726
444 18 290
640 31 16
617 155 436
685 433 501
438 112 760
545 672 858
714 1354 1443
869 714 541
38 1483 501
486 381 1406
1045 932 1177
441 54 1022
110 128 716
1337 259 326
197 573 1248
10 590 1333
1379 349 1321
633 1076 266
375 587 44
470 74 599
575 1122 651
621 394 473
1228 1219 823
409 1223 1198
1315 607 56
262 123 445
602 533 1195
552 1011 414
1401 210 854
362 145 448
1371 765 1311
1268 1061 37
977 1018 1247
248 1331 705
964 1486 929
1166 151 553
1354 896 1443
208 402 72
1467 27 77
914 548 392
1444 416 165
578 199 552
1450 1247 1018
86 1132 851
243 1448 16
396 740 591
137 1270 664
922 229 1444
1268 599 1061
1206 1154 21
1383 756 541
456 957 1109
421 1243 1288
653 1063 334
611 1048 1283
396 591 1307
1142 407 690
1478 743 615
166 103 167
794 274 163
275 318 1308
949 83 1449
646 1181 911
1036 1350 1141
10 320 590
214 818 1119
623 1485 722
1162 1338 1329
1276 79 1377
145 1490 448
618 429 782
1062 1075 538
1148 1305 1289
1158 1290 698
525 1180 492
904 886 916
619 1478 13

