-0.231521 0.962508 -0.141337
0.615833 -0.263132 0.742638
0.924646 0.260663 0.277641
0.014077 0.794710 -0.606827
-0.272129 0.853916 -0.443592
-0.345142 0.869762 0.352692
-0.922784 -0.246334 -0.296294
-0.359145 -0.857228 0.369018
-0.686450 0.680552 -0.256194
-0.134658 0.743684 0.654830
0.355120 0.687487 0.633444
-0.106412 -0.055266 0.992785
0.981968 0.185213 -0.037873
-0.527674 -0.832362 -0.169512
0.297781 0.108797 0.948414
0.602429 -0.168532 0.780177
0.059103 0.636558 -0.768961
0.348088 -0.884900 -0.309494
0.340111 0.501823 0.795298
-0.160922 -0.919757 0.357981
0.805491 -0.546462 -0.229267
0.221178 -0.080074 0.971941
0.221265 0.489321 0.843568
-0.110184 0.139128 0.984125
0.027276 0.998310 -0.051324
0.096887 0.766248 0.635198
0.432942 0.547238 -0.716304
-0.938178 -0.234157 -0.254938
-0.666837 0.522329 -0.531508
-0.484211 -0.390643 -0.782903
-0.058742 -0.998176 0.013961
-0.037120 0.318207 -0.947294
0.477890 0.274351 0.834478
0.194787 -0.966850 -0.165105
0.616822 0.248005 -0.747010
0.060166 0.866109 -0.496221
-0.049410 0.229520 -0.972049
-0.330340 -0.040390 -0.942997
0.026912 0.636558 0.770759
-0.261847 -0.927322 0.267414
0.799858 0.255787 0.542955
-0.984756 0.079517 -0.154701
0.301082 0.256044 0.918581
0.253427 0.898124 0.359372
-0.797076 -0.599782 -0.070233
0.015560 -0.999611 0.023157
-0.278017 -0.817422 0.504507
0.720725 -0.062959 0.690357
0.744450 0.009396 0.667612
-0.058087 -0.990636 0.123556
0.229396 -0.392492 -0.890689
0.011014 0.062076 0.998011
0.164452 -0.305816 -0.937780
-0.238952 0.926129 -0.291869
-0.371863 -0.309612 -0.875133
-0.110733 -0.993438 -0.028635
-0.128922 0.880676 -0.455838
-0.463159 -0.403328 0.789183
-0.348197 -0.506416 -0.788861
-0.204502 0.592314 -0.779322
-0.079501 -0.325985 -0.942026
0.813540 -0.216921 -0.539535
0.939528 0.335223 0.070095
-0.130725 -0.208170 0.969317
0.179712 -0.524138 -0.832456
-0.254429 0.235133 -0.938072
0.129447 0.732178 0.668700
-0.341798 0.025862 -0.939418
0.006810 -0.022482 0.999724
-0.995513 -0.073082 -0.060103
-0.724589 0.278837 0.630254
-0.316740 0.849473 0.421985
0.515336 -0.074315 0.853760
-0.109541 -0.649220 0.752672
-0.343869 0.145112 -0.927737
-0.325056 -0.886233 0.330045
0.361173 0.312388 -0.878617
-0.876994 -0.450135 0.168106
-0.115539 -0.095510 0.988700
-0.473942 -0.784395 0.400129
0.692392 -0.085782 0.716404
0.721635 0.005798 0.692249
-0.234491 0.970155 0.061757
-0.476197 0.860690 -0.180137
-0.339857 -0.922976 0.180588
-0.113643 -0.264792 0.957586
0.043613 0.426694 -0.903344
0.397651 0.846893 0.353053
0.688478 -0.012497 0.725150
-0.321700 0.216562 0.921743
0.799171 -0.070846 0.596915
-0.353898 0.925560 -0.134519
0.438757 0.522594 0.731018
0.232145 0.437794 0.868588
0.041744 -0.089755 -0.995089
0.772541 -0.504567 -0.385477
0.739191 0.314165 0.595733
0.814545 -0.437466 -0.380973
0.199797 -0.059860 0.978007
-0.334881 -0.385673 0.859716
0.391370 -0.859732 -0.328163
0.052255 0.364227 0.929843
-0.769278 0.469912 -0.432891
0.452004 -0.726997 -0.516883
-0.913149 -0.377815 0.153018
0.011953 0.468354 -0.883460
-0.110421 -0.729099 -0.675443
-0.783157 -0.559033 0.272299
-0.670732 0.645163 -0.365899
0.641361 -0.413626 0.646196
-0.142055 -0.034731 0.989249
-0.149692 0.099672 -0.983696
0.463756 -0.141761 0.874548
0.863855 0.456826 0.212284
-0.910200 0.331972 0.247650
0.899168 0.159636 0.407448
-0.063578 -0.881688 0.467529
0.615951 -0.282273 0.735477
-0.014958 0.320735 0.947051
-0.052631 -0.971071 -0.232920
-0.419406 -0.311547 0.852664
0.767531 -0.097654 -0.633530
0.014369 0.756738 0.653561
-0.444746 -0.355864 -0.821926
-0.034935 -0.029525 0.998953
-0.201822 -0.528291 0.824728
-0.886136 -0.296743 0.355958
0.340666 0.189148 -0.920961
0.142424 -0.127956 0.981500
-0.027858 0.602992 -0.797261
0.058334 -0.256996 0.964650
0.881220 -0.472683 0.004806
-0.003665 -0.464051 -0.885801
-0.292773 -0.104904 -0.950410
0.193561 0.274762 -0.941828
-0.067678 -0.995975 0.058768
0.272418 -0.251927 0.928612
0.359389 0.513451 0.779235
-0.700451 0.122881 0.703042
-0.569165 -0.463261 -0.679294
0.312634 -0.900822 -0.301297
0.149999 -0.286065 -0.946397
0.034574 0.983905 0.175315
0.262226 -0.454279 0.851392
-0.743960 0.357108 -0.564798
0.670647 0.062244 0.739161
0.730616 -0.149370 0.666250
-0.886991 -0.371766 0.273928
-0.303266 -0.198255 0.932054
-0.068659 -0.487571 -0.870379
0.509691 -0.391932 0.765901
0.004018 -0.999535 -0.030241
0.100320 0.840036 -0.533175
-0.103619 0.706476 -0.700111
-0.416921 -0.205752 0.885349
0.181549 -0.089592 -0.979292
0.161604 -0.254524 -0.953468
0.563683 -0.379262 0.733773
-0.029238 0.275250 -0.960928
-0.618347 -0.500086 0.606267
-0.947902 -0.027387 -0.317382
-0.415939 -0.873427 0.253219
0.348589 -0.918300 0.187644
-0.597173 0.615513 -0.514323
0.455510 -0.888625 0.053441
0.142114 0.989419 0.029223
0.459462 -0.553385 -0.694737
0.364920 -0.616964 -0.697272
-0.125542 0.093372 -0.987685
-0.965891 -0.202786 0.161033
0.766337 -0.295750 0.570315
0.663599 0.194090 0.722472
0.490931 0.830201 -0.264108
0.511700 0.042771 -0.858099
-0.259818 -0.889260 0.376445
-0.470586 0.294518 0.831750
0.600927 -0.094699 -0.793674
-0.314607 0.363322 0.876938
-0.038491 0.416369 -0.908380
0.059092 -0.291813 0.954648
0.611762 -0.032941 0.790356
0.885645 -0.018887 -0.463979
0.875046 0.408579 -0.259534
-0.871289 -0.070126 0.485734
0.583839 -0.788042 0.195246
-0.981712 0.158704 0.105137
0.969769 0.243753 -0.011537
-0.286191 -0.590432 0.754642
0.271963 0.665264 0.695313
-0.360214 -0.173774 0.916542
-0.944717 0.056289 -0.323018
-0.817258 0.293496 0.495933
0.334200 0.394480 -0.855977
-0.924585 0.029868 -0.379803
0.193309 -0.460477 0.866367
-0.041487 -0.645441 0.762682
0.191643 0.507651 0.839978
-0.067361 -0.613289 0.786981
-0.292729 0.806239 0.514090
0.706832 0.266905 0.655095
-0.551484 0.224838 -0.803314
0.913229 -0.151625 0.378183
0.612174 -0.379039 0.693954
0.014832 0.879790 0.475132
-0.046118 -0.967409 0.248985
0.118902 -0.044886 -0.991891
-0.468496 -0.813989 0.343414
-0.044166 0.926737 0.373105
0.536729 -0.092606 0.838657
-0.424499 0.790928 -0.440720
-0.590966 0.469001 0.656352
0.186578 -0.794884 0.577363
0.076668 -0.985815 0.149299
-0.769525 -0.615289 0.171030
-0.346428 -0.880632 0.323226
-0.271229 -0.948937 0.161101
0.001682 -0.999937 -0.011086
0.032946 -0.995153 0.092660
0.742098 -0.670149 -0.013814
0.487333 -0.867700 -0.098000
0.277280 -0.206564 -0.938322
-0.556943 -0.587840 -0.586735
0.234474 0.925274 -0.298144
-0.351196 -0.325831 -0.877779
-0.220411 0.929447 -0.295885
-0.803093 -0.006047 -0.595823
0.166467 0.169953 -0.971290
0.582065 0.141900 0.800665
-0.373441 0.152443 -0.915043
-0.183541 0.893615 -0.409591
0.243733 0.945163 -0.217397
0.529249 0.072243 -0.845386
-0.973516 0.217987 0.068912
0.545385 0.826333 0.140461
0.729263 0.657243 0.190282
-0.607880 -0.753883 0.249285
0.211742 -0.956019 0.202961
-0.944687 -0.327843 0.009255
0.039424 0.661001 0.749349
-0.609459 0.581645 -0.538747
-0.688974 -0.708558 -0.152515
0.491742 -0.210755 0.844850
0.024473 -0.998986 -0.037789
0.424834 0.350446 -0.834687
0.397900 0.180914 -0.899414
0.558724 0.336970 0.757812
0.108927 -0.557798 0.822798
-0.495083 -0.363725 -0.789048
-0.480084 0.003267 -0.877217
-0.226875 0.901059 -0.369622
0.622484 0.747513 0.231812
0.202830 0.652876 -0.729804
0.737542 0.579157 0.347288
-0.162125 0.973722 -0.159941
0.171872 -0.951413 0.255486
-0.124816 0.254506 0.958982
-0.852462 -0.140437 -0.503573
0.851082 -0.067318 0.520699
0.719276 -0.356539 0.596256
0.478332 0.846222 -0.234749
-0.988238 -0.129141 -0.081899
0.822808 -0.533303 -0.196404
-0.617881 -0.300600 -0.726541
-0.625686 0.468140 -0.623989
-0.657435 -0.293869 -0.693845
-0.907420 -0.283669 -0.310033
-0.290026 0.638314 0.713050
0.413957 0.325558 0.850089
-0.181248 -0.109280 0.977347
-0.782837 -0.277435 -0.556953
-0.041638 0.713985 -0.698922
-0.389799 0.885526 -0.252786
-0.807044 -0.578033 -0.120658
-0.700274 -0.638113 -0.320044
-0.564284 0.672213 -0.479285
0.476044 0.859065 0.188122
-0.962486 0.214804 0.165773
-0.548490 0.367229 -0.751200
0.349004 0.928285 -0.128385
-0.979581 0.055818 0.193148
-0.208411 0.977076 0.043441
0.591216 -0.607493 0.530487
0.658929 -0.620810 -0.424744
-0.999505 0.008729 0.030221
-0.635855 0.185864 0.749095
-0.360462 0.093775 -0.928048
-0.045451 0.559069 0.827875
-0.691544 -0.721090 -0.042378
0.840004 0.104868 0.532350
-0.928370 0.371610 -0.005896
0.183720 0.323741 0.928137
0.081492 -0.050094 0.995414
0.922263 0.245685 0.298447
-0.106410 0.715050 -0.690927
0.281629 0.076288 -0.956486
0.030132 -0.587364 -0.808761
0.109872 0.157532 0.981383
-0.319114 0.388250 0.864539
0.027196 -0.998792 -0.040933
-0.015693 -0.648475 -0.761074
0.121235 0.112957 0.986176
0.983497 0.163783 0.076875
-0.104638 0.128926 -0.986118
0.306459 0.543027 -0.781796
0.315859 0.894415 -0.316632
-0.925903 -0.157084 -0.343553
0.649405 -0.710002 0.272341
-0.863022 -0.427682 0.268851
0.695565 -0.699889 0.162309
0.365238 -0.126264 -0.922312
0.560540 -0.746270 -0.358993
0.681662 0.410544 -0.605632
0.275467 -0.958074 0.078816
-0.206565 -0.209602 0.955719
0.552300 0.445747 0.704467
-0.500074 -0.667756 0.551387
-0.618986 -0.729704 0.290498
-0.130021 0.413116 0.901349
0.145944 0.989157 0.016388
-0.348674 0.109898 -0.930779
0.227567 0.581198 0.781295
0.288258 -0.111720 -0.951013
0.983134 0.041364 0.178147
0.428331 0.468766 0.772522
-0.261044 -0.948997 -0.176804
-0.148567 0.193965 -0.969694
0.561380 0.707219 -0.429760
0.059138 0.584410 0.809301
-0.303838 0.766790 0.565433
0.474179 -0.845696 -0.244851
0.673532 0.276357 -0.685552
0.073409 -0.022190 0.997055
0.212875 -0.972906 0.090208
-0.191015 -0.197577 0.961497
0.322055 0.378648 -0.867702
0.232542 0.914104 0.332172
0.010990 -0.999923 0.005777
0.318139 -0.909775 0.266639
0.395615 0.562079 0.726331
0.114954 0.292049 0.949470
-0.998238 -0.042923 -0.040978
0.720524 -0.645598 -0.253077
-0.644236 0.609566 0.461941
-0.935561 -0.329299 -0.127624
0.054789 0.502964 0.862569
0.664724 -0.718524 -0.204609
-0.924237 0.264709 -0.275163
0.458216 0.194943 -0.867200
0.976146 0.184974 0.113682
0.032387 -0.958154 0.284415
0.340609 0.021067 -0.939969
-0.778467 -0.111898 -0.617631
0.186577 -0.152572 0.970521
0.595173 -0.073301 0.800248
-0.587420 -0.047340 0.807897
-0.029735 -0.997298 -0.067171
0.953745 -0.291394 -0.073885
-0.715951 -0.545746 0.435404
0.219468 0.409895 0.885336
0.484573 0.215379 0.847821
-0.069591 -0.679550 0.730321
-0.911050 0.139722 -0.387900
0.604283 0.039435 0.795793
0.488843 0.115813 -0.864650
-0.878435 -0.026281 -0.477139
0.989206 0.138113 0.048947
0.152838 0.829143 -0.537739
0.242846 0.074782 0.967178
-0.548309 0.047486 -0.834927
0.117554 -0.345212 -0.931134
-0.949486 0.289913 -0.120109
-0.740647 0.003304 0.671886
-0.616903 0.774264 0.141231
-0.862903 -0.501047 -0.065957
0.059896 -0.978432 0.197693
-0.820373 -0.561841 0.106412
-0.288956 -0.863475 0.413418
-0.572217 0.736240 0.361274
0.096535 0.951912 0.290765
-0.262430 0.855036 0.447263
0.167582 -0.782603 0.599540
0.110907 -0.218169 -0.969588
0.242161 -0.196412 0.950148
0.082250 0.621296 0.779247
0.228954 -0.483489 -0.844878
0.512764 0.713266 0.477832
0.060437 0.423694 -0.903787
0.279315 0.959247 0.042762
-0.168510 -0.192873 -0.966646
-0.927370 -0.305017 -0.216681
0.991523 0.072099 0.108094
-0.146882 -0.955084 0.257373
0.167539 -0.258826 -0.951283
0.811201 0.284741 -0.510759
-0.152863 -0.409377 -0.899468
0.593620 -0.645319 -0.480811
-0.003515 -0.016785 -0.999853
0.131921 -0.678734 0.722438
0.266093 -0.298353 -0.916613
-0.819843 -0.563234 -0.103074
-0.496735 -0.371916 0.784176
0.306663 -0.112083 -0.945196
0.554208 -0.008280 0.832337
0.130957 0.806609 0.576396
0.151806 0.985180 0.079841
-0.464915 -0.277601 0.840709
0.015527 0.251764 -0.967664
0.882529 0.455889 0.115357
-0.419925 -0.367962 -0.829619
0.007794 -0.062373 0.998022
-0.139421 0.803652 0.578537
0.212516 -0.365024 0.906418
-0.934983 0.297593 0.192990
-0.378837 -0.922692 0.071573
0.825210 -0.272578 0.494702
0.974689 0.202107 0.095575
0.264570 0.963119 -0.049030
0.130874 0.589258 -0.797275
-0.204200 0.263523 -0.942793
0.837109 0.477059 0.267699
0.971383 -0.192183 0.139576
-0.053988 -0.337349 0.939830
0.450335 -0.888576 -0.087355
0.431121 0.065478 -0.899915
0.749153 0.649208 -0.131523
0.326893 0.340297 0.881668
-0.450548 -0.892428 0.024049
0.352562 0.934959 -0.039399
-0.056373 0.535934 0.842376
0.182461 -0.710026 -0.680126
-0.207359 0.881272 0.424691
-0.826388 0.561084 -0.047615
0.742608 -0.450184 -0.495850
-0.039009 0.565824 0.823603
-0.080393 0.253719 -0.963931
0.460966 -0.123281 0.878813
0.178175 -0.355477 -0.917546
-0.246295 -0.216521 -0.944700
0.434286 -0.183084 0.881973
0.219032 0.065401 0.973523
0.385346 -0.096804 0.917681
-0.549277 -0.159657 -0.820247
-0.742742 0.355189 -0.567605
0.977668 0.198651 0.068573
0.638590 0.267963 0.721387
-0.419136 0.135178 -0.897804
0.257979 0.015504 0.966026
-0.242648 0.877322 0.414039
0.661247 -0.109927 0.742071
-0.985997 0.102409 0.131616
-0.220184 -0.550737 -0.805113
-0.955567 -0.125681 -0.266637
0.844829 0.301824 0.441775
-0.246682 -0.965372 0.084875
-0.202298 0.749168 0.630731
0.368211 -0.782345 -0.502351
-0.301578 0.929388 0.212812
0.076825 -0.321682 -0.943726
0.224149 0.001636 -0.974553
0.471018 0.031298 -0.881568
-0.438127 -0.666480 -0.603199
-0.281225 0.188301 0.940986
-0.558902 -0.472414 0.681508
-0.991824 -0.091971 0.088467
-0.129698 0.973888 0.186334
0.109413 0.608466 0.786001
-0.854039 -0.486690 0.183714
0.078924 -0.357444 -0.930594
0.720662 0.557268 -0.412431
-0.602799 -0.756274 0.254328
-0.449146 0.298235 -0.842213
0.226496 0.609102 0.760062
0.005662 0.221772 0.975082
-0.176929 -0.448717 -0.875985
0.923838 0.240893 0.297478
0.011105 0.994932 0.099932
-0.758587 0.198426 -0.620623
-0.422912 0.441256 -0.791479
-0.420977 0.261820 0.868463
-0.883672 -0.229711 -0.407868
-0.562408 0.171585 0.808861
-0.251997 -0.062398 -0.965714
0.880165 -0.443912 -0.168085
-0.362631 -0.168643 0.916547
0.509306 0.415562 -0.753602
-0.924040 0.248068 -0.290881
0.203039 -0.242647 -0.948629
-0.129096 -0.247340 0.960290
-0.475436 0.791243 0.384572
0.196993 0.169792 -0.965590
-0.211851 0.925202 0.314835
-0.926195 -0.272721 -0.260358
-0.914812 0.299488 -0.270972
0.680948 0.718174 0.143303
-0.039116 -0.094655 0.994741
-0.368683 0.387036 0.845148
0.400135 -0.300518 0.865784
0.271118 -0.108330 -0.956431
0.385529 0.756595 0.528139
-0.758453 -0.646568 0.081842
0.108147 -0.027402 -0.993757
0.081774 0.679344 0.729249
-0.907551 0.271072 -0.320734
-0.717574 0.377731 -0.585155
0.915578 0.334849 -0.222697
0.249851 0.295486 -0.922097
-0.060480 -0.998168 0.001761
0.467744 0.400623 0.787856
-0.962654 0.263498 0.062173
0.240330 0.312899 -0.918877
0.003140 -0.999674 0.025341
0.935417 0.095912 0.340289
-0.187616 0.028622 0.981825
0.275198 -0.572550 -0.772304
-0.283051 -0.384346 0.878727
-0.422517 0.459883 0.781017
-0.978602 -0.102039 -0.178677
-0.876009 -0.145623 -0.459785
-0.865397 -0.313005 -0.391300
-0.715547 -0.274434 -0.642400
0.828357 -0.560198 0.001531
0.726022 -0.044806 -0.686210
-0.862049 -0.265108 0.431959
-0.027114 0.771883 -0.635186
0.007755 -0.655198 -0.755417
-0.767506 0.372075 -0.522010
0.508382 0.469604 0.721817
-0.451093 0.888823 0.080678
0.462837 0.502936 -0.729957
-0.483354 0.791620 0.373774
-0.494213 -0.831587 -0.253410
-0.706072 0.074853 -0.704173
0.830142 0.120012 0.544483
0.641135 -0.209010 -0.738418
-0.161914 -0.688990 0.706453
-0.439886 -0.218016 -0.871189
0.841042 -0.137432 0.523221
-0.954789 0.054955 -0.292161
-0.414288 0.426053 -0.804267
0.545111 0.258675 0.797459
-0.768388 0.582013 -0.266159
-0.661522 0.128915 -0.738762
-0.189274 0.322844 0.927333
0.135269 -0.989150 -0.057305
-0.963270 0.146773 0.224875
-0.036186 0.309427 -0.950235
-0.516450 0.012048 -0.856233
0.885460 -0.115114 0.450232
0.195480 -0.370617 -0.907981
-0.003551 0.479296 0.877646
-0.610646 0.791803 0.012679
0.259901 0.957589 0.124400
0.618513 0.080100 0.781682
0.013129 -0.992552 0.121112
0.134254 -0.219607 -0.966307
0.478488 -0.606577 -0.634912
0.085927 0.525699 -0.846320
0.327784 0.215557 0.919833
0.522739 -0.477118 0.706472
0.212682 -0.060949 0.975219
-0.061073 -0.242210 -0.968300
-0.595953 0.416676 -0.686455
-0.840608 0.161608 -0.516973
-0.823446 -0.394352 0.407949
-0.003029 -0.309206 -0.950990
0.530599 -0.843324 0.085267
0.106343 0.542175 0.833509
0.273334 -0.171613 0.946487
0.758662 -0.510447 -0.404815
0.599918 0.170561 -0.781670
0.534252 0.554336 -0.638190
-0.110586 -0.560142 -0.820982
0.078140 0.261092 0.962146
0.128560 -0.851664 0.508075
-0.933885 -0.208767 0.290301
-0.824532 0.244392 0.510313
-0.652302 0.019613 0.757705
-0.093838 -0.344132 -0.934220
0.486376 0.185535 0.853824
-0.000675 -0.999818 0.019074
-0.668845 0.534279 0.516907
0.015271 -0.535413 0.844452
-0.165885 0.119626 -0.978863
-0.847680 -0.412008 -0.334197
-0.836613 -0.524521 0.157976
0.298345 -0.267019 0.916347
0.755580 0.583166 0.298356
-0.802252 -0.593530 0.064141
0.739381 0.550378 0.387814
0.031025 0.536673 0.843220
0.384090 0.805971 0.450428
-0.023358 -0.054696 -0.998230
0.264246 0.573231 -0.775616
-0.210591 0.977494 0.012557
0.383753 0.280839 0.879695
-0.892156 0.133350 -0.431596
0.082792 -0.104893 -0.991031
-0.284457 0.633308 -0.719726
-0.287144 -0.191909 0.938466
-0.348468 0.140749 -0.926693
0.509632 -0.639783 0.575285
-0.830472 -0.104165 -0.547234
0.635516 -0.094285 -0.766309
-0.890842 0.060718 -0.450238
0.003618 -0.998241 -0.059184
0.682170 -0.182768 0.707983
0.007590 -0.254162 0.967132
0.052108 0.867298 -0.495055
-0.476664 0.705997 -0.523795
0.375876 -0.196901 0.905510
-0.656330 -0.314114 -0.685976
-0.663754 -0.589847 -0.459904
0.087698 -0.995860 0.023919
0.076068 0.452284 0.888624
-0.449766 -0.744010 -0.494124
-0.194194 -0.925416 -0.325414
0.840110 0.500482 -0.209123
0.136145 -0.516124 -0.845624
0.319347 -0.691924 -0.647502
-0.975606 -0.196622 -0.097635
0.489730 -0.043173 0.870805
0.053681 -0.520723 -0.852036
0.150321 -0.308507 0.939270
-0.530785 -0.847139 -0.024948
0.982022 -0.131403 -0.135518
-0.087587 0.506686 -0.857670
-0.410804 -0.263916 0.872690
0.873359 0.464884 0.145352
0.151585 0.856930 0.492639
-0.625652 -0.779070 -0.040122
0.791728 0.354577 0.497436
0.949901 0.039596 0.310033
0.896386 -0.201017 -0.395076
-0.324655 0.546966 0.771639
-0.804248 0.399172 0.440280
0.004193 -0.999224 -0.039155
0.533612 -0.811393 0.238535
0.359645 -0.134347 0.923367
0.184934 0.943301 0.275648
0.023757 -0.999714 -0.002899
-0.293271 0.592197 -0.750530
0.597767 0.001813 -0.801668
-0.125931 0.761220 0.636149
-0.467336 -0.064550 -0.881720
0.368838 -0.851126 0.373556
0.134962 -0.860479 -0.491286
0.327215 -0.048403 -0.943710
0.765087 0.003878 0.643915
-0.640793 0.505816 0.577525
0.437503 -0.349405 0.828557
0.481421 -0.845448 0.231195
-0.907547 0.089673 0.410264
0.146831 0.540307 -0.828559
0.293047 0.440518 -0.848568
-0.592391 -0.188404 -0.783312
-0.726332 -0.378173 0.573957
-0.048516 -0.495742 -0.867114
-0.658250 -0.682974 -0.316629
-0.231057 -0.394698 -0.889284
-0.467372 -0.424847 -0.775286
0.095579 -0.946337 -0.308725
-0.762832 0.633695 -0.128523
0.413289 0.012744 0.910511
0.165331 -0.914178 0.370060
0.181522 0.444444 0.877222
-0.703064 -0.291605 -0.648589
-0.339388 -0.935904 0.094339
-0.555662 -0.805221 -0.207024
-0.869272 0.460480 0.179793
-0.161321 0.450435 -0.878114
0.599501 0.171745 0.781730
0.450132 0.518232 0.727198
-0.091025 0.607413 -0.789154
-0.202281 0.246575 -0.947778
-0.571546 0.804520 0.161500
0.533488 0.642954 0.549546
0.961866 -0.049767 -0.268957
-0.038070 0.670056 0.741334
0.187604 0.469136 0.862969
-0.107372 0.428351 -0.897211
-0.930394 -0.307713 0.199200
0.486098 0.334274 -0.807446
0.532531 0.104908 0.839884
-0.252459 -0.966502 0.046249
-0.763958 0.371891 -0.527319
0.354462 0.396189 0.846989
0.136808 -0.398672 -0.906832
0.038774 -0.224645 0.973669
0.526776 -0.736441 0.424454
-0.159093 -0.201907 0.966397
0.882377 0.469212 -0.035360
0.069993 0.015894 -0.997421
0.216745 -0.125239 -0.968161
0.839564 0.407654 0.359096
-0.344700 0.722454 0.599368
-0.118222 0.242335 -0.962963
-0.048250 -0.108130 0.992965
-0.263246 -0.108008 0.958663
0.843445 0.142093 0.518083
0.346571 0.062640 0.935930
0.573357 0.542007 0.614403
-0.076815 0.642046 -0.762809
0.564568 -0.241062 0.789400
-0.558510 -0.802880 0.208449
0.775356 -0.490438 0.397862
-0.707636 -0.331281 -0.624103
-0.886445 0.123548 0.446039
-0.621224 -0.501406 0.602223
0.337878 -0.895458 -0.289815
0.042834 0.299283 0.953202
-0.888290 0.212204 -0.407322
0.003242 0.583920 -0.811804
-0.930874 0.317258 0.181164
-0.888579 -0.388780 0.243470
-0.392586 0.090109 -0.915291
-0.345437 0.695338 0.630221
-0.085761 -0.083605 0.992802
-0.694215 -0.243855 0.677200
0.006643 0.403351 0.915021
0.829155 -0.301736 -0.470593
-0.563903 0.744861 -0.356644
0.015908 -0.255138 0.966774
-0.534305 -0.778091 0.330292
-0.566047 -0.517201 -0.641946
0.055897 0.812639 0.580080
-0.204424 0.621249 0.756479
0.208320 0.770145 0.602893
-0.301578 -0.329156 0.894822
0.259603 0.914217 -0.311149
0.175495 0.140469 0.974408
0.632575 -0.323054 -0.703907
0.618515 0.383051 0.686084
-0.097570 -0.091534 -0.991010
-0.452970 -0.059797 0.889518
0.529373 0.115672 0.840467
-0.059621 -0.530964 -0.845295
-0.033762 -0.150663 0.988008
0.907671 0.366752 0.204028
0.848424 0.372872 0.375691
-0.994555 0.038808 -0.096716
0.016165 -0.124449 -0.992094
-0.798459 -0.547480 0.250458
-0.617388 -0.778099 -0.115732
-0.966838 -0.068881 -0.245925
0.520236 -0.641243 0.564058
0.521651 -0.045671 -0.851936
-0.030065 0.601403 0.798380
-0.539675 -0.385434 0.748460
-0.351851 -0.934723 -0.049930
-0.655975 -0.065215 0.751960
-0.594992 -0.239393 0.767252
-0.952399 0.291149 -0.090383
0.464955 0.363401 0.807315
0.165970 0.552292 0.816962
-0.756625 -0.233250 0.610830
0.090412 0.816675 0.569972
-0.816657 0.098579 -0.568642
-0.014272 0.994031 -0.108157
-0.040380 0.571985 0.819270
0.787927 -0.057224 -0.613104
0.403362 -0.196067 0.893788
-0.213092 -0.529535 -0.821087
0.190630 -0.102648 -0.976281
0.945134 -0.017934 -0.326190
0.533231 -0.453848 -0.713923
-0.535362 -0.844622 -0.001541
0.129687 0.606179 0.784683
0.833006 0.367709 -0.413390
-0.002909 -0.388513 -0.921439
0.347872 0.472090 -0.810010
-0.735431 0.393669 -0.551513
0.651587 0.151003 -0.743393
0.567744 0.788035 0.238051
0.878331 0.164801 -0.448749
0.606274 -0.408368 0.682398
0.803076 -0.432864 0.409508
0.128609 0.203283 0.970637
0.024032 -0.996226 0.083409
0.168368 0.765199 -0.621387
-0.482331 -0.856563 0.183459
-0.727739 0.627970 -0.275772
-0.317384 -0.285916 -0.904168
0.156626 -0.424199 -0.891922
-0.665072 -0.314739 0.677214
-0.022612 0.398972 -0.916684
0.011335 -0.991493 -0.129663
0.857710 0.081839 0.507578
0.710370 0.451025 -0.540324
0.725588 -0.653348 -0.216006
0.914563 -0.071086 -0.398147
-0.022958 0.386466 -0.922018
-0.806275 -0.527593 -0.267518
0.955295 0.131829 0.264637
0.224718 0.708384 -0.669099
-0.521459 0.545037 -0.656518
0.110563 0.282229 0.952955
0.154001 -0.246153 0.956918
0.497391 0.742591 0.448510
-0.739144 -0.086281 -0.667998
0.124489 -0.821772 -0.556052
-0.654211 -0.349532 0.670698
0.948510 0.161301 0.272602
0.127991 -0.926003 -0.355158
-0.277802 -0.955858 -0.095718
-0.137624 -0.725807 0.673990
0.258391 -0.497476 -0.828101
0.392564 0.685482 0.613195
0.166882 -0.985617 0.026643
-0.662190 -0.683574 -0.306970
-0.287160 0.901006 0.325157
-0.412251 -0.904966 -0.105290
-0.302832 0.930261 0.207142
-0.071940 0.061241 0.995527
-0.643595 0.220765 0.732836
-0.464847 0.279369 0.840161
0.719686 0.080013 -0.689674
-0.738329 0.466258 0.487313
0.026510 0.171889 0.984760
0.033813 -0.995046 0.093491
-0.976412 -0.035276 -0.213014
-0.476058 -0.877051 0.064424
0.894733 -0.049092 -0.443896
-0.040130 0.801397 0.596786
0.348234 0.109499 0.930990
-0.986560 -0.092243 -0.134871
0.474949 0.831390 0.288468
-0.637646 -0.468030 0.611846
-0.644698 0.270571 -0.714951
-0.963949 0.161979 0.211106
0.059589 -0.998181 -0.009165
0.592319 -0.290022 0.751695
0.998175 0.056223 -0.022034
0.383505 0.307516 -0.870838
-0.115091 0.917436 0.380874
-0.724863 -0.367914 -0.582420
0.870080 -0.045216 0.490832
0.244889 -0.292732 -0.924304
-0.539255 -0.837866 -0.084767
-0.733653 -0.654102 0.184128
-0.148337 0.385915 0.910530
-0.069818 0.550752 0.831744
-0.017030 0.403491 -0.914825
-0.479478 0.754332 0.448424
0.543030 -0.460492 -0.702186
-0.361816 0.322984 -0.874512
0.271575 -0.141308 -0.951987
-0.875186 -0.258354 -0.409026
-0.021839 -0.998270 0.054592
-0.981091 -0.178654 0.074458
0.083175 -0.930463 0.356821
0.544698 -0.375140 0.750049
0.052526 0.165910 -0.984741
-0.014751 0.588820 0.808130
0.232716 0.189535 0.953897
-0.306148 0.573520 0.759835
0.068197 -0.358001 0.931227
-0.448851 0.853240 0.265546
-0.123520 -0.319362 -0.939548
-0.122703 0.306843 -0.943817
-0.549018 0.511150 -0.661290
0.187042 -0.201958 0.961368
-0.720831 0.173106 0.671146
0.707164 0.030136 0.706408
0.124158 0.086992 -0.988442
0.285194 -0.634337 -0.718527
0.394535 -0.453191 0.799350
0.330762 0.717771 -0.612700
-0.078573 0.087167 0.993090
-0.002595 -0.998357 0.057233
-0.573596 -0.384273 -0.723410
0.391191 0.206956 0.896738
0.167214 0.889989 0.424216
-0.366070 -0.425681 -0.827520
0.309640 -0.950769 0.012678
-0.265103 -0.958913 -0.101029
0.168983 0.616662 -0.768878
0.383134 0.581391 0.717769
0.005287 -0.999870 0.015233
-0.700221 0.713591 -0.021881
0.291098 -0.240468 -0.925979
0.176576 -0.496387 0.849954
-0.048928 -0.873373 -0.484589
0.646281 0.362070 0.671734
0.803633 0.255703 0.537392
0.618173 0.774531 -0.134029
0.874043 0.419623 -0.244879
0.284948 -0.714401 0.639091
-0.018240 0.483464 -0.875174
0.856962 0.452781 0.246182
0.751524 -0.212172 -0.624655
-0.907296 -0.396233 -0.140756
0.036557 0.022774 0.999072
0.126766 -0.322685 0.937979
-0.854126 0.066310 -0.515822
-0.352167 0.860492 0.368147
-0.024814 0.895208 0.444957
-0.373772 -0.167481 -0.912275
-0.224546 0.526261 0.820139
0.748827 -0.383066 -0.540850
-0.003150 0.999703 0.024147
0.479143 -0.864513 0.151786
0.109745 -0.277819 0.954344
0.077779 -0.167339 0.982826
0.580951 -0.455164 0.674775
0.552665 -0.729775 0.402480
-0.823018 0.167271 -0.542827
0.720553 -0.080975 0.688656
-0.342750 -0.650310 0.677953
-0.362938 -0.926408 0.100217
0.025314 0.650607 0.758993
-0.857286 -0.484543 -0.174009
0.227151 -0.090906 -0.969607
0.669587 -0.302405 -0.678384
-0.927954 -0.159440 -0.336867
0.135119 -0.176448 -0.974992
-0.234803 -0.221924 0.946371
0.647352 -0.603519 0.465511
-0.207370 0.236217 0.949315
-0.400068 0.402346 -0.823446
0.784884 0.601506 0.148821
-0.067259 0.997606 -0.016089
0.415274 -0.198096 -0.887866
-0.143734 0.976885 -0.158226
-0.592752 0.790989 -0.151597
0.741586 0.473097 0.475636
0.555385 0.443473 0.703477
-0.784746 -0.229106 -0.575920
-0.988712 -0.125311 0.082129
0.021463 0.327822 -0.944496
-0.776066 0.326805 -0.539369
-0.382884 -0.224019 -0.896223
-0.006306 0.073487 0.997276
0.553658 0.828013 0.088639
-0.066050 0.506927 0.859455
0.990447 -0.126775 -0.054247
-0.083098 -0.281698 -0.955898
0.089429 -0.329658 -0.939855
-0.970806 0.224445 0.084618
-0.838100 -0.032426 0.544552
-0.752672 -0.200772 0.627037
0.620939 0.329266 -0.711349
0.773149 -0.353880 -0.526317
-0.057471 0.642910 -0.763782
0.484204 0.819006 0.307857
0.655463 -0.650688 0.383371
-0.285689 -0.388081 0.876228
0.427427 -0.180089 0.885931
0.199906 0.695463 -0.690195
0.483931 0.396509 -0.780123
-0.881493 0.447203 0.151589
-0.004211 0.022902 -0.999729
0.701495 -0.083918 -0.707716
0.242568 0.963333 0.114674
-0.881173 -0.390885 -0.265974
0.055709 0.392693 0.917981
0.048149 0.944534 0.324864
-0.620474 0.757942 0.201333
-0.372822 0.926878 0.043590
0.608984 -0.448033 0.654527
-0.402653 0.780223 0.478667
-0.979917 -0.182624 -0.080064
0.613080 -0.788747 -0.044841
-0.682552 0.711791 0.165759
-0.215720 -0.843185 0.492447
-0.328297 0.406341 -0.852706
-0.987263 0.119025 0.105570
0.262095 0.307442 0.914760
-0.936925 0.018288 -0.349052
0.256920 0.111814 0.959943
0.270120 -0.179662 -0.945916
0.031257 0.197342 -0.979836
0.951874 -0.129370 -0.277848
0.413952 -0.900919 0.130338
0.367109 0.127342 -0.921420
0.383804 0.205145 0.900339
-0.161781 -0.965220 -0.205372
0.656094 -0.081181 -0.750300
-0.632270 0.244652 -0.735106
-0.974555 -0.022805 -0.222986
-0.047469 -0.962489 0.267138
-0.355056 0.277548 -0.892694
-0.267722 -0.252195 0.929905
0.545632 0.033238 0.837366
0.511378 -0.406621 0.757068
0.698544 0.354761 0.621434
-0.182170 -0.960899 0.208538
0.070223 -0.372790 -0.925255
0.128629 0.987618 0.089803
-0.553477 -0.225798 -0.801672
-0.598119 0.199135 -0.776273
-0.648137 -0.757455 0.078617
0.286074 -0.840371 -0.460367
-0.714266 0.591513 -0.374081
0.504893 0.124108 -0.854213
0.495535 -0.528137 0.689578
-0.499362 0.774850 0.387615
-0.557623 -0.767368 -0.316548
0.637993 0.064835 0.767308
-0.559671 0.697181 -0.448004
-0.399846 -0.052722 -0.915065
-0.265198 0.161037 -0.950651
0.160041 0.986824 -0.023787
-0.450607 0.868038 -0.208478
0.517556 -0.056534 0.853780
-0.772167 0.326204 0.545297
0.370336 -0.482926 0.793495
0.498416 -0.858652 0.119574
-0.264931 -0.098604 -0.959213
-0.724780 0.653953 0.216889
0.255296 0.939488 -0.228441
-0.413742 -0.846643 0.334683
0.913088 0.030836 0.406596
0.563543 -0.019076 0.825866
0.257362 -0.195876 -0.946254
0.565912 0.718891 0.403657
0.336575 -0.497473 -0.799523
-0.820622 -0.458038 -0.341733
0.416982 0.899254 0.132171
-0.577792 0.251965 -0.776318
0.460641 -0.366334 0.808461
0.943709 0.010294 -0.330618
0.171417 -0.676886 -0.715850
-0.515410 0.076817 -0.853494
-0.782648 0.582006 -0.220753
-0.772344 -0.368785 0.517187
-0.605060 0.554665 0.571182
0.220453 0.091017 0.971142
-0.305716 -0.044516 -0.951082
-0.701272 -0.176975 -0.690578
0.100430 0.327464 0.939511
0.101343 0.181629 0.978131
0.515966 0.431522 0.739978
0.325744 -0.197154 -0.924674
-0.555739 -0.112213 -0.823749
-0.847342 0.210712 -0.487455
-0.437963 -0.892142 0.110773
0.308511 -0.946188 0.097723
0.351298 0.207207 -0.913047
0.217373 0.254174 0.942414
0.786048 -0.009122 0.618098
0.285301 0.507637 0.812962
0.674244 0.323116 -0.664071
0.312713 -0.145174 -0.938688
-0.659222 0.175745 -0.731123
0.638962 0.351713 0.684124
0.513127 0.857734 -0.031526
-0.426226 0.376457 0.822564
-0.494674 -0.705021 -0.508176
-0.673170 -0.554064 -0.489751
0.987223 -0.147401 0.060533
-0.538474 0.202767 -0.817882
-0.185282 -0.389564 -0.902170
0.226550 -0.727418 0.647718
0.053040 -0.258266 -0.964617
0.681696 -0.058767 -0.729272
-0.512804 0.718870 0.469316
-0.307732 -0.735286 -0.603867
0.098921 0.394247 0.913665
-0.909548 -0.137343 -0.392249
-0.785400 -0.278886 -0.552603
0.334360 -0.937551 0.095928
-0.311902 0.122623 -0.942168
-0.445203 0.379709 -0.810935
0.280323 0.336373 -0.899040
0.088498 -0.995797 0.023591
-0.482103 0.792068 -0.374440
-0.754305 -0.224373 -0.616993
-0.065566 0.607780 -0.791394
-0.281932 -0.027832 0.959031
0.253555 0.823638 -0.507277
0.130080 0.591126 0.796021
-0.747945 0.575319 0.331039
-0.358345 -0.290325 0.887299
-0.159040 0.946908 0.279414
-0.573431 -0.382452 -0.724505
-0.492153 0.341158 -0.800872
-0.169688 0.380191 0.909209
-0.549770 -0.150489 -0.821648
0.344812 -0.867945 -0.357458
-0.103420 0.514818 0.851038
0.773618 -0.023059 -0.633232
-0.845094 0.405033 0.348948
0.908460 -0.092942 -0.407506
-0.185674 -0.678912 -0.710354
0.949104 -0.274253 -0.154879
-0.969619 0.032857 -0.242402
0.551588 -0.169947 0.816620
-0.786253 0.425986 -0.447595
-0.886066 -0.378003 0.268330
0.129402 0.231821 -0.964113
-0.851475 -0.257964 -0.456557
-0.504522 -0.802116 -0.319481
-0.945504 0.273400 0.176844
0.028250 -0.212333 0.976789
0.444788 0.458744 -0.769232
-0.680601 -0.729332 0.069696
0.058981 0.564585 -0.823265
-0.679813 0.379793 0.627385
-0.860972 0.067669 -0.504131
0.867101 0.416936 0.272582
-0.789379 -0.377100 -0.484434
0.003726 0.672835 0.739783
-0.264464 -0.917507 -0.297052
0.459138 -0.736727 0.496414
0.971745 0.085473 -0.220013
-0.262147 0.377664 0.888059
-0.113059 -0.250212 -0.961567
0.214668 0.809974 -0.545765
-0.164986 0.753240 -0.636717
-0.537419 0.821902 0.188832
-0.165542 0.879847 0.445494
-0.670237 0.219154 -0.709051
0.456175 0.521793 0.720858
-0.023233 0.725873 -0.687436
-0.135501 -0.123876 -0.983003
0.636923 0.062205 -0.768414
0.684275 -0.137194 0.716202
-0.758284 0.166225 -0.630377
-0.816879 -0.191037 0.544255
0.007851 -0.999756 0.020648
-0.422959 -0.801984 -0.421815
-0.744337 -0.351504 0.567809
-0.942779 0.281064 0.179364
-0.003695 -0.998671 0.051399
0.910038 -0.093342 -0.403879
-0.442008 0.585163 0.679863
0.295656 -0.132455 -0.946067
-0.731337 -0.428243 -0.530806
-0.141665 0.989513 -0.028199
0.953842 0.201509 0.222664
0.432033 0.390114 0.813117
0.778248 -0.119978 0.616390
0.256830 0.352047 -0.900056
-0.345648 -0.929481 -0.128811
0.470093 -0.743357 -0.475850
-0.348698 -0.371136 -0.860621
-0.958985 0.283444 -0.002615
0.456817 0.016689 -0.889404
-0.980773 -0.114100 -0.158318
-0.474861 0.059226 -0.878065
-0.135096 0.013480 0.990741
0.650908 -0.732891 0.197961
0.828131 0.560459 0.009239
0.376709 -0.809446 -0.450430
0.084602 -0.976658 0.197439
0.601914 0.345300 -0.720047
-0.083118 0.900945 -0.425898
0.644054 -0.069084 -0.761854
-0.999510 0.021566 -0.022672
-0.680313 -0.205564 0.703504
-0.930364 -0.339604 0.138171
0.224126 -0.935381 0.273550
0.551197 0.358225 0.753563
-0.368704 -0.368124 0.853547
0.221374 -0.058920 0.973407
0.825910 0.538328 0.167556
-0.224322 0.634929 0.739287
-0.985587 -0.109535 0.128917
0.820984 0.011669 0.570832
-0.426419 0.774220 -0.467707
0.296408 -0.021971 0.954809
0.533129 -0.817455 -0.218038
0.363017 0.477094 -0.800375
0.141200 0.030430 0.989513
0.037038 -0.818687 0.573045
-0.717102 -0.033934 0.696142
-0.028888 -0.996291 -0.081060
-0.282183 0.858585 0.428024
-0.869229 -0.133178 -0.476135
-0.011106 0.925974 0.377424
-0.217255 0.968467 -0.121950
-0.339954 -0.590552 -0.731901
0.131550 -0.867259 0.480164
-0.396255 0.723804 0.564881
-0.831844 -0.288626 -0.474057
0.754497 -0.179630 -0.631243
0.421245 0.409056 0.809460
0.650592 0.759388 0.007747
0.183267 0.360324 0.914647
0.333694 -0.762656 0.554079
-0.862552 0.303116 -0.405122
0.216905 -0.161270 -0.962779
-0.240803 0.970571 0.002388
0.031112 -0.090362 -0.995423
0.025143 0.364826 -0.930736
0.650952 -0.719218 -0.242872
0.737242 -0.162488 0.655798
0.109100 -0.748383 -0.654233
-0.358218 0.176382 -0.916826
0.269106 -0.369157 0.889553
-0.651102 -0.271076 0.708932
-0.029286 0.939320 -0.341791
0.073339 0.099932 0.992288
0.663263 -0.175788 -0.727448
0.662217 -0.320427 0.677344
0.653977 -0.164308 -0.738456
-0.982529 0.168384 0.079266
-0.008115 0.762683 -0.646722
-0.187558 -0.286119 0.939659
-0.240225 -0.957643 0.158780
0.133878 0.932551 0.335298
0.009033 -0.999588 -0.027238
-0.091560 0.772366 0.628544
-0.128387 -0.754347 0.643799
-0.558663 -0.793624 -0.240950
0.699549 0.469941 -0.538318
0.364430 -0.225469 0.903523
-0.385053 0.289663 -0.876259
0.572178 -0.466893 -0.674258
-0.555886 0.604958 0.570103
-0.356178 -0.152284 -0.921926
0.412103 -0.866204 0.282600
-0.640759 0.253689 0.724617
0.314873 -0.236182 0.919278
-0.353161 -0.250911 -0.901288
0.202509 -0.972804 0.112442
0.706887 0.239698 -0.665474
-0.248524 0.432159 0.866876
-0.709939 0.373564 -0.597024
0.262808 0.006411 0.964827
0.720765 -0.588725 -0.365924
-0.049864 0.069601 -0.996328
-0.416708 -0.434378 -0.798543
-0.384267 0.065373 0.920904
0.105089 -0.352559 -0.929870
0.594800 -0.633380 0.495018
-0.858319 -0.175260 0.482258
0.809491 0.537010 -0.237371
0.231074 0.024925 0.972617
0.662909 0.688253 0.294720
0.994488 0.058446 -0.087053
-0.153350 -0.230945 0.960806
0.827939 0.066555 0.556855
-0.924004 0.297751 -0.239917
-0.935298 -0.105239 -0.337850
0.098948 0.282850 0.954047
0.306281 0.459128 -0.833903
0.282008 0.524003 0.803674
-0.316885 0.926698 0.202027
0.083482 0.603239 0.793179
0.028240 -0.999283 -0.025239
-0.600725 0.752403 -0.270220
-0.121937 -0.236491 0.963952
-0.023806 -0.531883 0.846483
-0.150054 0.167510 0.974384
0.503473 0.638356 -0.582252
-0.145412 -0.105797 -0.983698
-0.723944 0.391312 -0.568137
-0.172805 -0.764838 0.620613
-0.634917 0.257838 -0.728286
0.816863 0.487832 -0.307822
0.197672 -0.972755 0.121135
0.092876 -0.512341 -0.853745
-0.404311 -0.056625 0.912867
-0.501820 -0.861447 -0.078007
0.487620 -0.056324 -0.871237
0.248030 -0.959396 -0.134319
0.481997 0.816222 0.318528
-0.570382 0.719847 -0.395582
0.766717 -0.602687 0.221164
-0.210721 0.970115 0.120305
-0.403389 -0.228599 0.886014
-0.464252 -0.685703 -0.560608
0.627017 -0.057518 0.776880
-0.894619 0.316607 0.315305
-0.117197 0.344689 0.931372
0.643680 -0.519060 0.562363
-0.977766 -0.177636 0.111444
-0.294007 0.166113 -0.941258
0.400536 -0.171530 0.900082
0.274888 0.489030 0.827820
0.015387 0.102300 0.994635
-0.694668 -0.565188 -0.444971
0.831469 -0.066427 -0.551585
-0.103945 -0.280020 0.954350
-0.267452 0.331854 -0.904623
-0.622362 -0.682413 0.383377
-0.175881 -0.713617 0.678098
-0.050188 0.825519 -0.562138
0.024911 -0.999606 -0.012899
0.410817 -0.134063 -0.901807
0.656787 -0.749217 0.085466
0.520224 -0.703430 0.484307
-0.670374 -0.623842 -0.401770
0.514202 0.029981 0.857145
0.378147 0.233696 0.895763
-0.708612 0.232121 -0.666325
0.004978 -0.999387 -0.034656
-0.217115 -0.532263 0.818264
-0.957453 0.060604 0.282154
0.914958 0.055829 0.399669
-0.150025 0.760480 0.631794
-0.561861 -0.417981 -0.713866
0.603357 0.392822 0.694011
0.075282 0.195555 0.977799
0.739018 0.672927 -0.031970
0.140481 -0.194512 -0.970788
-0.416511 -0.908402 -0.036386
0.426437 0.094668 -0.899550
-0.927109 -0.239855 0.287991
0.689008 0.722414 0.058191
-0.576719 0.355869 0.735359
0.145774 -0.989077 0.021849
-0.144154 0.166347 -0.975473
0.023810 -0.997264 0.069983
-0.999669 0.004277 -0.025359
0.032432 -0.999472 0.002120
-0.044976 -0.063542 -0.996965
0.374465 0.903157 -0.209962
0.611877 0.258729 0.747440
-0.091673 0.930974 0.353390
-0.509222 -0.830475 0.225843
-0.226262 0.548641 0.804859
0.085154 -0.996277 0.013428
-0.441246 0.305033 -0.843953
-0.031537 0.644119 -0.764275
0.065417 -0.995413 0.069818
-0.015438 0.751172 -0.659926
0.674650 0.737884 -0.019376
-0.321478 -0.172000 0.931165
0.011615 0.075310 0.997093
0.468979 -0.868538 -0.160312
0.349191 0.804150 -0.481049
-0.391220 -0.705930 -0.590431
0.268695 -0.757846 0.594535
-0.719939 0.454713 -0.524332
-0.918356 -0.337351 -0.206923
-0.928410 0.047390 -0.368522
-0.905962 -0.131286 -0.402489
0.549255 0.282032 -0.786624
0.533871 0.122214 -0.836687
-0.833811 -0.098518 -0.543188
0.032264 0.569294 0.821501
0.354664 0.848214 0.393379
-0.846928 0.055304 0.528823
0.708120 -0.059027 -0.703621
0.449810 0.246415 -0.858458
0.377832 0.775816 -0.505325
0.526494 0.415618 -0.741664
-0.091652 -0.561091 -0.822665
-0.762238 -0.626934 0.161083
-0.247759 0.416681 -0.874639
0.051379 0.349885 0.935383
-0.341679 -0.165951 -0.925049
0.267123 0.588132 0.763378
0.947628 0.303882 -0.098266
-0.266607 0.480594 -0.835434
-0.711724 0.688815 -0.137779
-0.090034 -0.057367 -0.994285
-0.430749 -0.581659 0.690020
0.727117 -0.643048 0.240397
0.156657 0.445028 -0.881708
-0.494934 -0.851302 -0.174141
-0.032061 -0.255106 0.966381
-0.139391 0.049007 -0.989024
0.465639 -0.828086 0.312175
0.892251 0.451514 0.004778
-0.107650 0.792737 -0.599982
-0.881247 -0.117855 -0.457727
0.423095 -0.898754 0.115035
0.271214 -0.786521 0.554823
-0.813339 0.560695 0.155246
-0.965302 0.170059 -0.198170
0.780107 0.534504 0.325176
-0.473341 -0.772219 0.423822
-0.713250 -0.129900 -0.688767
-0.161724 -0.092584 -0.982483
-0.321000 -0.311197 0.894492
-0.971771 0.150352 -0.181811
-0.048759 0.641096 0.765910
-0.517876 0.700908 -0.490441
-0.240072 -0.963787 0.116106
0.533306 0.029343 0.845413
0.752744 0.392341 0.528625
0.035046 0.684485 -0.728184
-0.761548 -0.152374 -0.629942
-0.239373 -0.880812 -0.408497
-0.371611 -0.719338 0.586906
-0.829649 -0.008553 0.558220
-0.101627 -0.979341 0.174823
-0.585305 -0.507220 -0.632571
-0.189842 0.444881 0.875237
-0.439446 0.507910 -0.740888
-0.822649 0.234182 -0.518081
0.086744 -0.981426 0.171111
0.747667 -0.017902 0.663832
-0.876325 -0.268232 -0.400132
-0.700879 -0.054709 0.711179
-0.713514 -0.580391 -0.392485
0.422266 -0.160091 0.892223
-0.862661 -0.102057 -0.495380
0.456887 0.027074 -0.889113
-0.316282 -0.945135 0.081765
0.958017 -0.274745 -0.081970
0.189990 0.095744 -0.977106
-0.128626 0.982659 0.133552
0.101815 0.992564 0.066714
-0.185748 -0.565280 -0.803714
0.518301 0.484681 0.704591
-0.157861 0.183854 -0.970195
-0.846535 0.355419 -0.396303
-0.560124 0.587515 0.584027
-0.227998 0.652939 0.722280
0.072425 0.475382 -0.876793
0.257458 -0.637844 0.725859
0.217155 0.660442 -0.718791
0.161539 -0.121325 -0.979380
-0.097921 -0.978862 -0.179557
0.032666 -0.999363 -0.014357
-0.121508 0.698884 -0.704839
-0.073614 -0.093027 0.992939
-0.046233 -0.994803 -0.090715
-0.040580 0.455239 0.889444
-0.508400 0.613702 0.604069
0.251503 0.282915 -0.925584
0.000333 -0.999591 -0.028609
0.905111 0.352925 0.237102
-0.526082 -0.836521 -0.153200
-0.419583 0.875523 0.239604
0.954174 0.125371 -0.271724
0.109589 -0.991966 0.063193
0.374117 0.872202 0.315118
0.024383 -0.989967 0.139180
-0.044838 -0.380052 0.923878
0.847060 0.259078 -0.464078
0.706225 0.635497 0.312072
-0.164317 0.705108 -0.689799
0.534776 0.347033 -0.770443
-0.653972 0.128302 0.745560
0.024024 -0.993108 0.114717
0.071087 0.606756 0.791703
0.495292 -0.516858 -0.698244
-0.993164 -0.116721 -0.001384
-0.743004 -0.059576 -0.666630
-0.087872 0.593957 -0.799683
0.806726 -0.201829 0.555390
0.001187 -0.996970 -0.077776
0.174199 0.899533 0.400618
-0.800067 -0.596022 0.068186
0.007319 0.568292 -0.822795
0.455180 0.524991 -0.719163
0.945758 0.098901 0.309451
0.082714 0.477985 -0.874465
-0.378255 0.053960 -0.924128
0.097135 0.983504 -0.152594
0.536820 -0.769500 0.345970
-0.010290 0.565497 0.824686
0.465841 0.042796 -0.883833
0.277977 0.800015 -0.531700
-0.253692 0.847793 0.465711
-0.666395 0.712418 -0.219950
-0.195146 -0.094752 0.976186
0.715789 -0.499824 -0.487670
-0.426953 -0.770929 -0.472630
-0.099135 0.844310 0.526605
0.254002 -0.034019 0.966605
-0.939831 -0.148979 -0.307446
0.322659 0.611951 0.722085
0.626382 0.332317 -0.705132
0.380202 0.708096 -0.595018
0.058199 0.213465 0.975216
-0.890051 0.435969 0.133192
-0.752406 -0.462021 -0.469491
0.025376 0.288397 -0.957175
0.449662 -0.188570 0.873067
-0.599601 0.195726 -0.775996
-0.042571 -0.970451 0.237515
-0.472120 -0.818643 -0.326996
-0.474326 0.394836 -0.786841
0.178706 0.473017 -0.862739
-0.155789 -0.394785 -0.905469
0.015268 -0.998717 0.048273
0.381473 -0.333913 -0.861963
0.747149 0.017496 0.664427
-0.138721 0.482118 -0.865054
0.671505 0.263613 0.692524
-0.118973 0.295510 0.947903
-0.091459 0.562358 0.821820
-0.965132 -0.201784 -0.166742
-0.557055 0.187938 0.808931
0.533718 -0.361983 0.764273
-0.047519 0.095531 0.994292
0.401611 -0.466882 0.787864
0.044230 0.854403 0.517726
0.297406 0.203162 -0.932885
-0.722439 -0.615426 0.315169
-0.619966 -0.177057 -0.764391
-0.813820 -0.335922 -0.474187
-0.296703 0.896597 0.328756
0.566699 -0.586223 0.578960
0.636551 -0.067383 0.768286
-0.064571 -0.991962 -0.108821
0.538599 0.677637 -0.500718
-0.521466 0.850276 -0.071439
