1.37949 18.3691 7.62812
38.4171 -42.2692 49.7585
60.3727 -15.1274 25.1802
16.9436 15.9291 -5.18377
-19.5927 -61.3792 -11.7148
1.31929 16.785 25.9705
-68.676 -0.482758 8.84724
-68.4187 1.45974 44.7943
-41.949 -62.262 2.63695
-58.9113 37.3968 43.5198
30.5304 13.0191 34.3566
7.21112 -30.6108 59.8173
62.3968 -17.5986 8.15694
-55.2605 36.6781 -21.9717
-28.5113 -19.4017 44.663
70.5552 -53.3489 29.9578
-35.4172 16.5087 -3.79274
-49.4113 34.2003 -13.8223
-53.4152 32.6038 46.9245
-42.6972 -75.5929 45.9596
73.0938 -59.6175 7.25141
-13.2095 -54.0593 38.0199
-30.6586 -66.7681 45.1418
-44.4693 -17.5521 47.03
-50.5418 46.1688 16.9384
-32.5 -63.4562 42.3117
38.2464 5.41271 -11.1025
-40.067 -52.8834 2.37134
-25.5077 61.1281 -6.7224
-0.262346 62.4441 -21.8169
27.979 -75.5747 22.5314
-43.0616 11.2347 -7.24678
31.3959 -18.7672 54.0498
46.1775 -75.0702 7.35907
-44.7859 30.5008 -4.5016
-27.1445 15.9104 -6.16017
-23.7323 -9.78062 -19.8189
-53.2739 -26.6875 -15.7079
17.9009 -8.59403 45.8224
-40.3521 -51.9733 19.7482
2.79219 72.2428 -21.3902
-54.9555 46.4074 -37.4685
-56.7029 18.8926 53.813
-53.3809 47.1179 -0.676503
-64.9478 -36.7118 7.32728
1.34789 -71.2288 -11.7558
-44.8179 -44.8869 33.9375
-42.4688 30.9867 34.9378
-0.994494 71.1768 -16.9975
-22.6574 -75.5578 41.1469
-7.40171 -74.885 -27.2736
10.8418 -26.7952 58.4697
29.727 -66.3473 -23.3332
-2.75038 16.3863 3.99085
-4.98294 62.3411 -19.5293
18.963 -70.8439 -6.05216
2.73152 -13.4495 -29.3344
-31.1543 -42.5767 40.5914
-34.6689 -44.2586 -9.67958
-4.47562 -18.1543 -34.0571
-21.5644 -38.0181 -15.6249
55.7427 -28.4332 -11.9792
60.2455 -10.2555 13.5976
-43.5209 -29.1026 44.7322
24.2398 -64.3416 -24.0196
-49.6676 7.34839 -7.335
-50.837 41.0499 39.1286
-54.4706 5.31337 -6.23904
2.12305 -28.2574 58.5169
-69.3825 -0.880693 14.3495
-34.5357 -60.7266 15.7668
-10.6158 -59.687 45.5911
45.7301 -39.5274 43.5537
-39.8979 -42.0169 38.9372
-46.1299 -7.66658 -16.8492
-49.8199 -48.5051 22.5043
-42.6282 33.7281 -0.973962
-40.0244 -53.9527 7.72162
-61.7519 17.6243 55.1338
-50.9728 -45.1972 27.7548
52.4525 -34.404 40.5153
-45.5432 27.8349 37.0665
4.01663 19.5899 16.995
-37.8149 -61.3027 31.5014
24.5353 -70.8913 31.2902
-56.613 8.52473 55.4651
59.0375 -51.2309 -3.06261
-41.116 43.6087 31.8821
-24.4263 50.2004 4.75275
-53.4835 -13.6031 43.5892
57.1823 -47.7983 31.4909
-67.2132 43.9062 14.8946
71.5306 -42.3757 27.5624
34.0039 -7.44105 47.5588
-16.9581 -74.8709 -29.5005
39.6939 -65.3189 -14.8065
-48.712 15.6256 50.6806
37.8097 -67.5338 -17.2754
19.1242 -40.4512 57.4445
-63.449 6.87204 50.6425
56.4819 -71.0539 4.63261
-30.0785 -9.56526 43.7828
-12.4638 -21.1601 -29.7518
60.9117 -67.6659 3.71028
-69.6393 -25.9757 20.8882
-29.1802 7.81578 -13.611
0.532564 53.5386 -15.3943
-61.3302 -38.5259 23.9876
-9.70482 71.4689 -13.1745
50.3937 -59.1542 34.333
-22.5171 -30.1982 44.6485
-3.87037 -27.1745 -37.6383
32.8189 -41.0345 53.5667
-32.5364 27.1098 20.616
-74.8029 38.1654 24.4688
76.5182 -44.4121 22.5012
-58.5254 -1.58355 40.1151
43.0591 -38.783 45.5166
-14.4248 -12.2917 46.3114
-52.1341 36.9702 -26.5472
-2.24327 -33.5324 56.8294
52.5507 -34.6835 -12.1028
17.6189 15.5201 33.7392
-2.47555 -56.7423 -30.0274
-24.2414 -32.3574 44.9688
-42.5996 -36.0271 43.2381
-71.3029 -21.532 24.5975
6.45718 69.2851 -28.6224
-19.9393 -33.7356 43.6555
-1.59405 3.11435 -17.0458
-35.313 -30.3087 45.5389
74.9352 -58.23 13.7887
5.12096 -60.0444 -29.8015
-45.1713 -28.7935 -17.7973
15.8884 -5.8144 -20.8835
22.6305 -76.2318 17.4429
24.1876 -52.2909 54.6886
40.6662 2.71784 37.2862
-64.7343 -14.1527 34.8314
-31.6059 -76.6208 -11.6036
-15.2725 43.6389 -4.86393
6.90031 -51.108 -32.6932
-49.9092 45.9802 27.3283
49.6456 -64.7308 31.6172
-26.7312 -71.2074 -21.8843
44.0148 -26.6849 47.9215
-14.0054 64.5392 -2.44021
-67.7035 -27.6492 24.2141
-56.7246 -4.03031 38.7415
6.88281 62.7332 -26.9946
62.6155 -59.6837 32.9767
-17.3964 -76.1159 26.5479
23.9039 16.727 -4.95546
-5.89626 5.97538 -13.2337
-26.2489 -43.9124 42.6696
5.0974 -70.0318 -24.8782
58.2132 -59.9085 -5.21902
47.1306 -59.4374 38.0197
-28.3142 -6.42538 -19.6741
-71.9976 5.43946 46.9061
-52.5525 52.4425 -49.2633
26.9016 -75.4475 -11.4146
-23.5312 -76.236 -11.9729
-40.7685 -63.4952 -1.86837
-15.1636 43.1023 -1.3801
-12.4709 15.5254 13.763
63.0959 -62.2715 -2.63985
58.272 -64.8997 -2.16382
-39.7581 39.1485 -0.0485126
-74.0866 31.9137 28.5767
53.0724 -53.4712 35.2088
-0.152366 51.6939 -5.55213
-28.6507 19.0989 4.46362
26.9386 -31.8802 -30.8284
-41.3936 -50.5858 23.3818
-13.4881 -69.1584 53.4673
51.911 -27.5499 -16.5782
-9.4563 -16.7773 46.7145
-28.1193 2.05741 -15.1219
-31.9797 -33.9135 45.2661
-39.3199 13.5217 41.4819
57.7505 -24.2518 -9.27491
76.2672 -40.7707 10.3922
-66.0063 -2.27255 28.6945
-14.8131 -72.1469 33.605
-36.1119 -76.7315 22.5391
63.425 -34.1182 14.0916
-67.9651 4.06586 48.5983
-20.4664 50.8604 1.95202
1.64652 -47.0614 55.0202
-71.5278 -20.9285 6.38677
-68.2929 -6.68945 28.2049
38.9263 -1.88547 -13.826
-75.6708 13.369 9.91698
58.3736 -62.6322 33.8363
15.9787 -59.007 55.1735
18.4454 -14.9034 56.0876
-5.32949 -74.9688 -18.1005
3.07009 14.0248 32.6948
-33.0551 40.4538 13.4581
-58.277 -13.65 -12.114
75.9804 -52.3295 22.6391
37.682 -71.0659 42.9602
-57.8139 66.5851 -42.3438
16.9631 -75.992 -16.8012
5.05638 -32.2826 -36.5449
37.1579 -74.4348 8.39257
-54.4719 43.8349 33.5968
44.1785 -48.2337 45.6485
-7.14491 -16.4844 -30.6739
-67.4815 26.3295 48.5885
27.5335 -74.8986 5.24327
24.7108 -76.0782 3.06065
-70.3847 0.125104 19.2242
16.5119 -71.5208 23.9338
-40.8011 -52.5592 17.1478
1.67698 -75.3596 45.3633
1.69071 -70.6793 41.3634
72.5572 -61.4378 14.6452
61.6797 -69.1825 8.95456
30.4388 -54.3788 -27.7522
-54.9814 -35.2378 -10.8695
27.9564 19.761 2.80562
-30.4005 -45.9002 -12.0445
6.80079 18.0824 0.145465
-67.3455 -19.1739 -3.77599
26.1904 -3.79505 -18.673
-10.0693 60.4498 -8.8318
-43.4119 -14.6887 -17.4986
1.29954 15.1486 -2.50595
1.65934 76.4447 -22.9159
47.0066 -28.0028 -18.4785
-75.1094 17.3627 33.506
-38.6139 44.1155 25.3263
-48.5828 57.5161 -29.1944
-72.6412 2.79786 42.1241
43.9246 -75.1467 20.1034
-70.0455 -25.8843 13.9084
-29.9157 4.01223 35.8393
-11.7678 -60.8523 -21.6521
-60.6268 -40.771 8.13146
28.0875 -48.4911 53.5756
-10.9852 -72.1466 9.34832
-34.9496 18.0421 -2.72034
-41.2327 22.8705 -4.9257
-53.0648 20.6033 51.3932
17.9784 -60.0799 53.6756
-4.91164 -49.9812 -32.3086
-48.911 67.1051 -59.1126
-45.0638 44.5749 5.23394
-50.1095 61.1057 -38.5927
-22.6519 12.5814 -9.45036
-48.406 63.2452 -46.7537
8.98419 19.8067 5.65687
-15.5889 -71.4245 -14.2812
-9.10603 -14.36 45.1969
-72.7326 36.3703 11.9546
5.35762 53.7135 -11.9964
43.7502 -65.3674 38.7139
37.1761 16.0587 3.77398
-59.9633 42.7781 -6.59379
-48.0495 43.8303 -39.4706
-8.2381 -56.4419 -26.4171
-1.02754 74.4917 -22.6086
-11.9954 -36.4471 -33.0747
-15.3708 -41.2988 -20.5896
-0.717674 9.26663 36.673
40.0878 -13.3309 47.9832
-1.72021 -27.4006 59.6037
-18.4377 -36.3745 -17.6293
11.0668 4.2187 -16.3134
-16.046 -61.3552 -17.7136
-19.0743 -74.7524 19.3792
-60.5689 49.9428 -24.0866
-49.1328 -67.1016 -0.864311
64.5081 -36.7875 16.2776
-72.6378 29.3327 37.7626
-57.0164 0.757857 -6.98382
-49.9817 44.4596 3.96653
-72.7501 32.0057 32.526
-7.8193 16.2853 13.5077
45.0431 -69.0716 32.2519
44.4695 -61.7513 -16.028
-76.6146 10.1135 39.9217
-59.5762 -12.2068 38.6633
-42.3678 -10.9738 -17.574
64.7773 -44.9425 30.3079
-56.7391 -45.5175 11.3998
-37.2875 31.175 29.9589
-76.6144 20.5371 21.6241
-59.5628 22.3055 54.2985
-24.9612 -24.7795 43.9393
-37.631 41.5353 28.7154
7.96933 10.8737 -11.1388
14.8136 -26.0019 -35.7729
10.2977 -64.2807 -28.0284
-5.70068 -67.8844 55.5862
-10.2622 -68.7919 55.433
-21.4231 -76.5077 3.93012
-5.29433 51.9854 -13.4557
-32.8337 -18.6441 45.8913
61.9791 -16.7857 14.3002
-36.2147 -11.4646 -20.8567
22.1273 -16.6638 -30.2452
71.7394 -37.2746 9.80109
-54.9054 -75.64 1.05948
41.3912 -71.4822 34.0102
-49.3665 -74.4086 39.8123
71.1825 -62.2606 20.2568
52.8553 -56.3263 -4.87605
66.4086 -65.0906 4.56071
74.4786 -42.3508 4.48568
-18.2135 -75.693 36.2409
10.3549 -54.7859 55.0652
46.3423 -9.67861 41.8139
-21.6545 -74.502 12.0025
-56.0099 -43.1235 24.2778
6.56971 1.04859 43.8645
70.8002 -36.203 16.6512
-39.6404 -15.46 -20.316
32.2309 9.5026 36.484
30.3747 -39.7028 -29.9621
62.821 -31.5094 22.2322
-15.1842 54.6879 -3.4878
41.3428 -75.4186 18.7133
4.33408 -7.58116 -22.5847
44.4372 8.71597 -1.65164
31.4494 -1.52132 42.2857
0.384484 -14.0839 53.84
-49.1396 38.3339 -29.4034
-36.235 27.9598 0.731353
-28.356 -30.9035 43.6564
-11.6205 -72.3598 24.5965
3.76207 -42.358 55.3845
32.5454 2.36883 -15.2048
-24.8062 17.4248 18.2302
-20.4747 -76.521 6.10647
52.407 -72.2165 21.9863
2.96125 59.0309 -14.8962
-40.0955 -16.6425 46.9516
-35.4934 -54.9454 27.213
39.3006 -67.6001 -9.47201
-68.5518 37.9387 35.7204
-75.9211 7.42819 34.8272
-38.3418 -3.6091 42.0295
-49.8497 41.9856 -43.6414
-69.8812 -5.3658 8.51865
30.4821 -21.4295 -28.8354
-45.5581 57.2184 -45.4349
33.2394 -75.9926 3.62014
-44.0747 62.7598 -60.7058
-59.8519 35.6324 -3.25175
-19.511 -46.6299 42.9752
37.9644 -45.1424 48.7584
-69.4933 14.4503 49.8766
-41.6727 -76.8478 -5.11272
-46.0215 50.5039 -45.5673
-61.6056 -34.5094 30.5923
23.3587 -19.8125 56.3989
33.6508 -24.0606 52.3345
-5.6659 -72.6688 -16.8707
-15.6997 -27.9592 -28.066
46.2625 -25.1702 44.7159
36.5167 -25.6398 -25.8041
-67.0102 -0.503062 4.76605
-32.5363 31.4632 11.7509
-15.5165 11.7834 -5.71132
-28.1262 -14.7554 44.6726
-27.0824 52.3857 -8.38658
13.4165 -58.8417 -29.7757
-71.7936 -6.96239 13.3423
-63.3263 -18.4851 35.9937
-42.1712 -61.9043 6.73115
-69.1871 -30.5135 10.4714
-28.6667 -76.3282 29.35
-65.0806 -34.9344 18.8728
22.5975 -71.7084 -10.5514
-61.0975 61.8277 -37.1142
-11.7076 14.6857 19.6213
-55.8818 53.8795 -13.1079
-14.3573 -75.4646 -18.7522
11.4666 -48.0282 -34.0283
18.5112 -55.1734 55.3229
21.9123 10.5279 37.5353
19.3669 -61.8263 -28.4348
-1.22617 77.0729 -15.7522
10.6594 0.656552 -20.7049
-25.6286 19.0583 10.7041
-24.1462 -23.3781 -19.8577
-59.1531 37.8275 -8.65968
-45.2017 43.3449 -12.9508
-20.8557 -76.5006 10.3623
21.2407 -55.9054 -28.9239
58.6883 -19.3684 -6.76669
-30.1718 -35.7976 -15.338
38.9658 -70.4158 -4.90148
-31.9179 -18.119 -20.0934
22.588 -63.172 51.4584
29.9911 -71.1627 -20.9921
-75.6744 3.99435 15.1581
-54.2179 -30.2906 41.3461
23.015 -42.2723 -30.9395
48.524 -42.5087 42.4295
25.9499 15.9327 32.6407
-44.3149 45.8442 22.6302
-65.2292 15.339 53.5471
6.5891 -3.56194 -21.095
56.2251 -2.93429 20.8854
-5.08619 -44.521 -34.493
-44.5546 -20.6914 47.3142
-39.8765 -64.0268 44.8937
-3.51301 -73.9126 55.1259
-49.7401 -71.5678 37.8629
-69.2745 0.630203 39.5187
-32.1771 34.8812 10.711
77.9852 -43.9465 16.3827
-19.325 17.7975 9.17404
24.2094 8.38515 -14.0429
-16.9157 -7.30861 -20.358
-35.2736 41.2441 16.3572
77.2272 -51.2176 17.696
-30.0313 -37.0303 43.3392
-27.531 36.5152 1.19192
35.245 -39.268 -27.7107
50.3136 5.85515 4.36167
-16.3548 48.9438 4.45901
-51.2793 -49.8318 14.9103
30.5635 19.901 11.1766
-19.6387 0.67566 37.6077
49.3426 -70.9634 -0.286307
-60.3941 42.5286 35.2644
-47.6849 -66.4415 35.2349
71.2919 -59.5824 3.56472
27.6768 -8.3657 49.371
-33.8129 -0.627059 -17.4645
35.9257 -34.3474 53.7251
20.4046 -73.4642 -22.9352
-46.6923 58.772 -59.8856
34.0365 -49.0275 50.7682
-31.1863 -23.5302 47.3484
26.4116 -25.4718 57.1449
-1.33377 66.4964 -22.5867
-64.5681 -2.74698 -1.69004
-44.5919 48.6304 -23.0778
-52.3628 28.0322 48.5329
-7.90855 -62.5767 -24.9798
24.646 -29.5654 56.9532
-40.731 46.5385 10.9119
44.1398 -32.4016 47.452
-61.1327 48.4841 -15.4349
-1.76139 57.2477 -18.0019
-75.2566 31.522 18.2868
56.4261 -11.5646 30.627
-35.8824 -75.8379 29.2337
-6.96662 -61.9094 51.7262
30.6153 -75.3125 -18.2363
-64.262 44.2164 26.7032
6.64151 -57.0995 -32.0613
20.617 -34.9998 -33.3465
29.0042 -34.8903 -29.3834
-57.6365 -37.7132 -6.09449
-50.6867 -16.7855 44.0024
-15.1754 -74.1426 52.3274
-75.7032 12.0419 30.9878
-57.427 45.6433 26.761
-14.772 66.9836 -2.468
-34.3393 -54.3562 16.7289
2.77314 -66.3479 -25.2352
50.1904 1.37283 -4.28575
-54.938 -46.9819 19.4621
-50.862 -7.31573 -13.6852
-36.3743 45.9609 12.7343
-37.0983 -14.0855 44.9843
-32.9941 -40.6025 -12.8297
63.0182 -36.632 20.9309
20.8638 21.5842 18.493
-69.1339 38.8952 8.39537
-16.0171 -58.9111 -8.60148
-64.8372 20.5694 53.8571
-68.127 -25.3826 -1.18065
-56.7908 -14.7474 42.001
-41.078 -22.9923 -19.665
-45.8407 41.4095 -27.3866
-69.24 9.09098 50.3927
-40.2272 29.4236 -3.26208
-74.4403 22.324 9.90976
12.782 -55.0574 -30.6826
-38.8484 -30.2529 46.2724
-50.4961 -65.3588 8.96412
7.79148 -25.0036 -36.569
8.6693 19.0355 26.579
-56.2231 50.8757 -35.4901
-72.5193 26.7412 13.3103
-49.4379 44.2356 -1.10768
-40.6775 -23.1568 45.8488
-2.92341 -59.8441 47.5473
-39.3497 4.79744 37.3981
29.9053 -49.7929 -27.6375
63.4519 -38.7841 21.8187
-73.6837 5.99862 29.087
-22.9967 -57.8054 -9.34443
24.1295 -11.7575 50.4854
-13.1905 -58.4915 -15.3997
-30.463 -69.3863 -10.4211
58.6512 -7.5209 3.28841
13.8279 -21.9044 -34.421
-50.2206 -76.7859 1.42608
0.469672 61.7778 -15.3721
-73.048 22.8566 35.0804
13.8546 -18.5987 -33.7046
-1.77711 -75.3647 46.6702
7.76311 57.9241 -18.4188
-26.0814 -58.4649 40.6454
27.6564 -73.8888 -21.1727
-46.5463 -33.8713 42.8248
-6.55837 -14.2987 46.5025
-58.8893 40.9971 -7.79236
-47.6053 -74.9548 25.3202
-15.9466 -45.2853 -16.2151
-18.4308 -32.3428 -18.0373
-32.4802 33.1166 6.36193
49.6136 -38.3643 -16.4347
-11.2822 -30.1295 48.4033
-6.06567 9.56188 -9.96486
-38.2117 -40.8083 -13.0702
-69.4047 28.6151 4.58944
-40.4826 23.0564 37.8901
-58.2656 44.7552 3.55275
45.3022 -2.91288 -11.8294
-58.3342 57.3639 -22.6333
-53.4175 -46.428 4.23406
-59.9361 -15.6359 -11.4612
-32.6733 15.5753 33.6959
48.6369 -48.2063 -17.1213
18.3945 -71.8167 -12.2064
-31.0827 45.6407 -5.47242
56.277 -44.4761 35.1717
-71.6759 -12.3584 7.85276
-49.0519 3.54436 -9.94457
45.9193 -15.8335 44.7101
-26.2053 -65.8963 -15.197
-62.9053 30.0587 -2.74366
-22.2121 -68.2278 43.0854
-24.4713 -75.9775 -1.72336
-45.3535 -74.2576 20.9828
1.55598 -5.49936 -21.1885
-10.6075 -29.7234 -35.1858
-41.0568 38.2537 34.4078
22.7159 -60.6109 -27.1499
-44.5186 -0.414823 39.2196
-28.5784 60.1007 -1.60582
28.0237 20.4864 20.1235
-29.6575 43.2902 10.7767
-28.9741 -75.6219 32.9388
-36.4372 34.8177 0.60707
-34.1153 33.4274 2.46098
-23.2287 6.60531 -13.155
0.754723 -66.8373 53.377
41.1043 -58.1863 42.4213
-18.4965 -36.2456 43.6114
-39.1554 -28.8814 -19.9828
-15.5056 65.0338 -12.9876
-70.6054 16.9345 0.746163
-66.6643 -29.3083 30.383
-26.4224 -48.7496 -11.1796
-1.32548 48.5703 -7.11622
17.8168 7.86374 40.9614
-30.5552 -73.5726 47.2117
49.0139 -58.0254 -8.06296
-38.0748 30.9598 -0.590538
46.9787 1.50887 -7.96279
-30.4024 38.3784 -2.09712
-39.3788 -9.18917 44.6404
-16.0498 -76.4086 -20.9349
-32.8036 -56.9567 16.9788
-72.4163 18.3251 45.9519
-29.5855 -55.2411 39.3666
-26.43 -38.7121 -16.4959
-28.8981 48.7393 9.02135
-43.8032 -76.6441 5.70113
-18.125 -66.5774 47.9101
-37.6087 -74.2766 48.3241
-24.248 -17.5868 -21.6615
-65.1076 -32.8839 1.11083
-64.0067 -38.3151 17.6145
28.2255 -65.3288 46.0165
-26.7452 18.1742 18.1187
-65.9585 -33.7997 13.2546
74.8884 -40.1233 21.6206
-24.7149 58.3018 4.59255
34.8724 15.2107 28.1369
-35.3829 -24.5512 -20.0069
28.3396 9.23005 -12.9821
-61.8727 45.5763 19.0327
35.3529 -19.4606 49.6012
-61.4706 39.0011 -0.88869
2.34889 -29.3058 -37.8484
-7.73419 -14.3324 -23.5079
-11.0405 -72.8631 55.9857
-49.4169 -11.4024 -14.8266
13.4971 -75.3892 42.6395
-14.3326 -33.3754 -31.3725
46.7166 -42.9121 -18.0752
-72.1756 15.4176 4.8104
5.56228 -75.2634 44.4724
-43.0819 35.4026 38.4282
9.22756 -49.2798 57.8936
11.9589 -12.7384 -28.5911
-19.8452 -64.8456 -24.2398
-45.2869 2.83737 37.9721
-8.256 -45.3385 -31.3637
-61.8734 60.7745 -41.7809
26.2618 -75.3244 19.5079
-37.8962 2.45281 37.244
-52.0356 -76.2866 -4.16839
-54.6745 39.3439 -39.9794
-46.1227 40.8704 -1.44426
6.93494 -75.2525 -23.3571
54.5194 -69.0251 -1.11512
-59.3912 40.2893 -16.6481
-25.1505 44.6856 8.44828
-33.3922 -36.9925 -14.4423
23.1389 -66.4752 47.0367
-68.6128 2.17712 30.7782
78.0012 -49.2046 11.6769
-34.7291 8.40309 -12.5438
-64.42 11.5587 51.0025
-46.4956 57.0564 -38.9034
-45.4502 42.8163 35.6582
-49.3748 -75.4279 33.1082
-32.4931 20.1077 32.0531
-34.5447 37.8106 17.0676
58.1074 -45.0222 -2.99212
-6.12231 1.31308 40.8568
-71.0835 30.6927 40.8342
-15.4731 -71.8857 0.969729
-19.99 -71.9041 -9.98983
63.6248 -55.0037 33.7282
-52.3762 71.2542 -52.986
0.794178 -71.9416 16.7779
-41.994 6.80751 -11.4253
43.0875 -35.5314 -23.0575
9.21703 13.9171 35.0836
-33.1935 -58.4453 -6.76096
56.5621 -69.238 25.9172
-13.3303 -76.6371 -27.8951
17.068 -30.7974 -34.0318
-44.4751 12.547 44.2421
-44.6352 -65.945 43.6712
33.6775 -62.3762 44.4907
-4.12138 47.6279 -4.4681
-75.6322 12.2962 44.5365
14.9987 -9.98667 -21.8174
36.7864 -3.66517 -15.1447
-57.8567 -25.4795 -13.701
-34.1543 -48.5619 34.0419
-39.0547 -34.3296 -17.5057
-57.0442 -43.3765 3.44749
-19.797 50.0884 -11.4816
-50.3015 50.0703 -55.7806
-9.86964 -76.7216 -24.6372
-59.9552 43.7545 -0.0100018
17.1857 -33.953 59.8189
-55.1285 1.1123 47.8226
32.5744 3.0971 39.6903
-9.01546 -50.1681 -29.204
-53.8706 -76.2437 7.60349
-27.7698 -76.6214 -21.8188
-59.3767 46.203 -4.75715
-23.2466 -60.5292 -9.79526
-2.29531 65.1905 -14.9264
40.9019 -6.62016 43.1507
-0.476787 -12.0028 -23.0697
-37.814 -4.05701 -17.1591
-36.8302 -66.7655 20.7077
42.8431 8.56331 31.1605
8.57845 64.3985 -26.0821
-22.8673 9.02797 32.1427
23.0261 4.8386 41.5826
-17.3136 -3.60352 -18.434
-77.2538 9.74736 25.9686
44.1336 -13.9618 -18.1635
41.183 -22.0025 49.5626
-43.9008 -76.1585 20.9175
-48.0851 -69.8051 28.4246
32.6231 -13.9035 49.69
13.0991 -66.9741 -23.921
14.5365 -41.2591 58.2345
66.3519 -64.706 24.55
-26.6296 -40.4197 43.3843
57.8036 -4.52494 8.29523
1.15543 -36.1782 -37.4435
7.74913 -45.9247 -34.323
55.2754 -3.85989 27.5548
-10.0395 -61.8709 50.8122
2.40813 -10.4031 -22.1086
-36.8831 -25.0152 47.0954
8.6252 -41.7759 57.3334
55.1564 -18.8089 36.6104
34.6144 -67.2264 45.7625
46.2323 3.3571 34.0723
13.0006 7.36972 -13.817
47.4698 -34.2752 45.0016
-36.1458 -76.4204 26.4902
3.20656 51.5483 -10.8059
-52.0755 65.4101 -55.2079
-33.851 -56.5479 34.1485
-56.7925 -36.0712 36.1578
38.0899 -75.2303 0.565846
13.9881 -0.472431 44.7935
-40.0146 -59.5391 0.266163
19.8654 6.03961 -17.1748
-71.8699 -8.20352 20.5049
-56.0404 -74.4572 9.47474
-58.7832 26.9001 -4.82422
-7.61325 8.96494 33.1652
-20.9122 -27.4917 45.8104
-7.78511 -30.5566 55.6211
15.6596 3.46001 43.5694
55.1597 -48.8614 -8.11744
-2.73693 76.5139 -18.5175
17.6237 -51.9635 56.2393
-60.5614 -2.037 36.4928
-56.2519 66.1975 -51.8866
-26.8074 12.7829 26.4068
3.82542 9.8095 38.0632
-12.006 52.5304 -2.53984
-22.4023 -74.1217 44.1259
-13.8937 13.7166 -0.247316
21.176 -24.6351 59.0737
36.3805 -66.5682 -20.4653
-38.8967 27.7017 33.1337
-51.8008 29.1792 -6.52049
-55.1379 -22.0619 43.0987
-20.7389 58.5735 3.56712
-13.1964 49.9608 -12.3177
12.5722 -36.2605 60.9481
-46.5325 43.325 -7.55614
-35.7387 27.5966 28.1383
-50.3438 -73.2776 32.8765
-29.8047 -24.9709 -20.3451
-65.0136 -33.3426 24.9019
-72.9214 2.564 36.4004
-54.9423 42.1952 -42.7369
15.249 -75.1561 41.031
38.1605 -42.6936 -26.2948
13.007 -8.87132 45.4206
-61.5578 5.99239 52.0315
29.5276 -75.3316 32.8656
-13.183 -23.7721 45.3533
-0.586404 -47.7777 53.7243
-57.4271 43.2967 -24.2798
-48.5889 38.3731 40.154
-23.2719 1.90383 37.7264
-47.0441 -73.6394 44.1619
-20.9365 13.2191 28.2869
-66.4423 37.4519 4.96501
20.3178 21.5124 8.16159
-29.5638 -0.941676 40.4546
73.9371 -50.7476 2.80295
28.4722 -43.7698 55.7199
-36.8501 -76.1017 -10.9275
16.2446 -40.9027 -32.5468
62.9667 -33.7767 5.40832
37.1088 -62.8692 -19.7088
39.2308 -73.766 15.9826
-35.9893 -65.7962 46.409
56.9029 -9.48085 -3.23142
-29.4639 -30.7323 -18.0142
61.2325 -43.2189 2.13656
-44.9225 -71.438 25.254
59.225 -46.8214 -0.764905
-47.471 69.8916 -56.2771
-33.3489 28.1438 4.40329
69.4646 -56.6647 29.149
74.5898 -57.2182 22.7086
63.3069 -51.133 33.5461
-4.02757 -70.9575 40.4869
26.3039 11.9292 -11.1496
17.0814 -75.3903 18.0626
-46.3961 -66.2641 30.5314
-5.52266 -40.3392 -36.3607
49.4093 -65.8071 -3.96576
-11.216 -38.0628 42.1166
-20.6548 -0.272726 -17.8722
-15.014 -75.6132 42.2387
60.2435 -40.0075 27.8738
-31.9161 20.6859 1.09435
-47.2689 36.2433 -16.0444
59.879 -28.6234 -3.29076
-29.0324 -1.59139 -17.3165
-62.1053 55.5815 -33.3666
61.4974 -21.035 24.2358
-45.0155 41.7168 1.67952
-49.731 -69.7659 -4.35207
18.1395 -20.8624 57.7448
20.3182 -48.0342 58.4832
-52.1675 65.2508 -44.6788
-64.8892 1.06454 1.57794
-4.73129 49.4935 -10.7101
-62.7536 -27.7176 36.0416
-35.589 34.4125 19.5592
23.5648 -76.0609 -19.1433
-28.3845 -76.6333 -16.6206
-57.7815 3.3095 51.8276
28.5548 -61.8832 -25.681
38.1791 11.3334 33.1443
-14.0229 -76.0575 12.5225
-58.8325 -40.0255 1.69181
-7.68491 14.865 20.7728
-42.6305 -51.4217 7.37432
-5.26538 75.6752 -13.4246
58.7146 -57.4834 34.2373
-6.79233 -25.3984 56.8428
-55.8735 -8.32147 39.9202
54.2489 -24.2006 -14.4779
-39.5045 -60.9333 11.1225
12.135 -2.90709 45.8566
14.6707 -70.8513 36.8089
-74.5908 35.9957 17.8004
13.1119 -71.8546 15.7138
59.856 -34.9946 -2.87191
-13.9277 8.82693 30.8909
29.0291 -28.0975 55.2153
-77.6207 10.1656 17.9608
-51.1554 59.0282 -26.9297
-58.9073 -32.1505 36.4152
-61.1014 -7.86918 -7.66296
-69.4772 -2.89218 19.3825
-27.6835 -76.4988 -0.307575
41.4015 -52.1046 46.1291
-45.2857 53.0376 -39.2766
39.3138 -20.1096 -22.4252
-57.1618 62.68 -34.7879
-61.5287 -29.2698 -7.01752
57.2459 -37.9454 33.7142
26.8657 -41.8803 -29.3612
-19.3488 -75.0244 24.103
-74.9644 3.91948 20.8622
-13.1668 -8.10134 44.2989
-15.4075 -58.5745 38.9275
30.4294 -7.9908 -20.732
-41.4557 -63.3286 11.704
39.3528 -59.3497 -22.1972
-44.4272 -3.7227 -15.8085
18.3666 -45.8933 -32.8683
-12.9576 -45.4074 -26.0813
19.9607 -70.5157 36.3284
-74.2092 28.431 20.924
-29.8536 -76.6782 6.78907
-39.6383 8.31881 40.029
59.0506 -56.1762 -5.42718
10.9741 -15.0175 56.5938
38.5676 -22.7529 50.597
-62.5142 28.7574 50.3894
10.0174 -63.9795 48.747
-19.3611 65.824 -3.64039
-23.7567 -26.5239 -19.545
-10.0587 -5.62848 -21.8121
-9.45491 -20.7605 -33.1498
-13.5075 -39.2791 41.1546
-69.0943 20.4311 50.6496
-46.9005 32.9429 40.17
-48.0587 18.1784 -7.26655
41.6533 -70.7692 -2.65203
25.7015 -59.6402 52.785
29.6575 -13.7476 -23.2772
-23.7542 -14.7279 43.8309
-12.4233 -75.4648 44.4018
-56.6964 32.4916 -5.56895
68.2932 -48.9554 31.6134
-54.1393 56.3134 -17.6207
-49.2843 -35.1642 -15.0035
51.063 -74.5675 12.6791
27.4964 -75.6439 -6.61783
14.9673 -15.3058 -31.4087
-29.2129 11.8201 27.6389
-6.7637 -75.3201 45.3981
-41.6314 -69.903 21.3103
24.6355 -38.9972 -31.9961
19.927 -74.5123 47.6307
-52.5966 31.9201 -7.72779
48.887 -5.55541 36.6684
-50.5757 22.268 47.467
44.2491 11.7268 7.96881
-31.8858 24.3147 5.45761
-52.0302 -0.521539 39.1882
15.1823 2.02444 -18.1916
-45.6441 50.5897 -20.3912
44.8237 -58.6295 -18.2282
-70.855 -24.6635 6.07169
-58.7088 16.3807 54.637
21.5729 -58.1523 55.0119
-69.2914 32.5246 9.64462
-56.1384 47.4787 -1.94354
-11.7899 12.1475 24.602
-59.5747 9.57239 -5.73769
2.90607 -9.75366 45.4018
52.2747 -51.1044 -10.8499
-54.0197 45.3492 6.32179
63.6315 -68.0706 19.0319
15.778 -56.7657 56.5995
51.9468 -60.1457 32.9628
-6.18121 48.5751 -0.933443
-50.2289 3.25032 48.5292
-70.6646 20.5551 2.9
-16.3564 57.715 -3.2794
-34.7812 -45.5254 36.4351
-17.1375 -76.5207 14.8959
-15.7986 6.94039 33.5212
-60.5572 45.213 -15.3764
11.0703 -32.029 -36.1197
69.4616 -56.3676 -0.75677
-14.3084 -50.6213 -16.7337
24.8984 -55.7214 -29.1324
-10.9484 -46.3617 39.1299
-46.8761 3.56479 41.1238
-8.0893 -9.88946 46.1288
-11.8962 -16.5793 -23.0523
50.0721 6.05067 23.7495
-56.8551 46.2777 18.6016
38.2456 -55.7019 -25.5834
-9.48571 15.0794 4.38004
-51.3076 -65.592 4.85018
51.8091 0.306531 29.0597
-46.751 23.9538 40.3205
-62.4393 -26.3792 -8.25034
-74.6007 34.0041 23.8957
-13.8093 -67.866 -28.3781
-26.5595 -72.7669 -24.7187
-34.1399 42.8459 -3.04324
9.8642 -32.1279 59.4538
40.6284 14.6985 20.581
-27.2351 -62.6163 41.6986
-44.4698 47.0332 -28.4294
-26.4291 -32.927 -17.5726
-23.5786 -49.8465 -10.3913
-40.3813 -58.0093 5.02409
-32.7019 -53.2074 35.6711
-53.2018 -74.8811 13.0023
51.5631 -19.5641 -15.6961
48.5196 -55.1095 -12.3156
-0.693354 6.19056 -14.4476
39.8855 14.2696 25.5997
38.741 -72.426 40.125
3.61166 -59.0319 51.7102
28.1699 -54.7326 54.0705
-18.2459 8.35667 -10.3493
35.2768 -20.7182 -24.8914
-35.6086 -59.0465 31.6307
50.3764 -59.3284 -5.33637
42.4581 -50.5729 -22.452
-17.1907 17.0178 15.5886
-57.6752 44.6865 -19.2812
21.5847 -5.4135 43.8375
-21.3912 16.6213 21.0604
-38.515 50.7937 5.47785
-68.181 43.6601 21.388
-44.5907 8.10051 42.3631
-29.9881 57.0815 3.93279
-72.9567 -20.0633 14.0562
67.5728 -65.9016 13.4345
-60.7076 68.4479 -48.2774
-61.3054 0.000175074 45.86
-18.6368 -67.5883 -27.5384
-77.9588 15.575 23.2332
-25.5289 -67.553 44.4514
-69.2739 -17.624 3.62053
55.8232 -52.7416 32.6189
7.50609 -41.3663 -34.6573
20.4344 2.39697 -18.8293
-43.877 59.2759 -59.1256
-21.0788 -71.8134 -5.90488
20.0396 -25.7617 -32.8062
-52.4215 13.8472 54.5636
25.1446 -75.5617 38.1993
55.4662 -52.2714 -3.8345
-26.8766 56.4622 -7.84966
-54.3892 48.3835 -40.9568
-10.1845 -75.2099 53.8185
-31.6309 -64.9079 -8.5287
5.05637 -37.629 57.5736
-35.5489 6.36075 34.8866
-17.9836 46.2196 4.46171
51.779 -15.0395 39.8239
21.2464 -75.6752 23.2911
3.11504 -54.7127 -32.3575
-41.3266 45.5317 14.9619
-19.0719 -25.5118 -20.9947
-64.197 25.0211 -1.70404
-61.8766 -40.9133 16.1015
42.4907 -74.7808 3.01152
-36.6285 -62.7959 26.1668
41.858 -27.2754 -23.0859
37.1192 -57.2459 47.794
-68.5016 40.6712 31.5417
18.6171 -75.423 4.92787
50.2487 -21.9286 43.8295
-23.3338 -64.5516 -20.6849
-16.0286 57.9051 -14.3565
-47.3692 -15.8083 -17.1474
24.8258 21.4643 13.3918
-61.6353 43.1925 4.31339
39.1046 -61.6987 41.7962
-8.21072 -22.2742 53.4539
31.7901 -73.9241 45.5565
-25.0155 -76.1456 -4.08711
-5.5216 -36.479 -37.414
-46.0027 -65.0509 39.705
-20.5198 17.3748 1.8318
28.1945 -75.1645 29.7904
-33.6326 34.7725 13.402
49.7619 -26.8219 43.5724
22.6446 -49.97 -29.2192
-51.2084 52.2374 -11.6945
32.8088 -58.654 -25.0729
-65.9666 -34.2408 3.60876
34.6798 17.9099 18.9343
-40.0303 44.6049 0.909985
-51.0274 7.6254 53.9607
61.8075 -31.4488 0.530039
20.094 -75.0933 -21.7118
-9.2013 64.1416 -17.4932
-74.3108 40.3242 16.1949
-37.0659 -54.0528 12.8963
-49.0269 -66.9867 12.2319
17.1905 -68.435 47.9641
-48.5295 -26.3052 -17.5219
-18.2164 -29.4973 -21.1641
-27.2155 -5.30286 43.1048
-36.6372 -70.5339 48.8803
44.7836 -5.72824 39.7751
-48.9335 31.1042 -6.15997
-59.5981 3.42479 -3.4906
-67.3675 -10.1224 -2.07791
-38.8843 -53.0907 12.6893
-13.0864 -76.0475 17.9735
23.1986 -20.7946 -31.3053
20.5002 0.767471 43.7984
52.756 -26.5458 39.6521
61.4693 -42.7855 27.4016
51.6644 -14.8584 -11.5661
30.9762 -46.632 -28.3854
-51.469 -73.4335 -4.78444
-44.9693 17.1295 43.4481
39.1881 15.8594 12.7355
-10.7234 -56.9826 37.9919
-52.9659 -41.5293 -3.75713
-56.8207 58.4407 -42.7115
-45.1405 54.5821 -51.8546
-17.2495 61.3971 -13.3414
-9.5521 56.517 -15.969
-53.4233 3.35137 51.6123
1.27114 -45.2419 -36.2127
49.1037 -31.8388 -18.0399
-15.2298 -60.9236 43.9858
-46.6403 -44.6551 -5.62188
-35.394 -7.63511 42.9711
-75.2637 8.00934 10.0534
-15.5669 -52.0449 -10.4942
35.9591 -75.1148 34.992
-51.5297 -15.3016 -14.7605
-45.841 1.30266 -13.0955
27.3892 1.9186 -17.4078
-37.6485 -76.6767 11.4541
-24.7147 -62.9225 -11.3041
-65.0347 -24.6401 -4.61151
3.98623 2.45858 -16.7912
-19.1495 -17.8607 46.2105
30.9493 14.8942 -3.77819
25.6147 12.5169 36.6142
-59.0772 51.4966 -12.2869
-62.016 12.6451 53.0514
-56.6467 70.019 -48.727
-37.6322 -45.6069 -7.4151
-48.0466 -3.26099 -13.0017
-0.702223 -0.106129 42.6995
3.67377 68.6371 -27.3116
3.48707 52.3089 -13.6225
9.34954 7.90276 40.3219
55.4666 -41.6049 -10.8861
-71.1678 36.5552 32.6604
58.9176 -38.8879 -5.0167
-43.7289 -40.5949 -12.9423
-45.9561 48.3219 -39.3792
-71.5545 -17.26 8.963
47.2207 -48.0449 42.7816
-53.4063 -69.8354 1.34101
-75.7371 6.78114 42.269
19.2861 -2.27493 -18.6682
-10.2269 -53.2239 -25.4613
16.8539 -71.8202 3.10471
-73.477 21.3324 40.6959
-22.3222 -50.6899 42.303
30.2634 -18.8405 -27.854
-58.7091 -42.9689 17.432
-16.7783 3.35874 -15.7123
-50.3298 -72.2423 15.8933
-16.59 -25.6133 -24.1492
-28.8395 20.6775 22.5884
-52.8959 44.5936 -49.2925
15.0337 11.8361 37.9397
-44.2387 -49.6314 0.43829
-19.1979 -75.5231 -16.156
-45.5471 36.5696 -5.10765
-18.0036 -10.6626 44.2992
-17.7948 -53.6591 -8.9339
21.3874 -13.6674 -27.4107
2.07972 11.9783 -6.33513
-71.5089 41.9133 23.3222
7.4924 -10.5548 50.916
-6.73258 69.7125 -18.4509
2.8087 54.6768 -10.8505
-11.4128 6.99967 -12.254
-4.19384 -64.2731 -26.0129
70.857 -50.3239 -1.15529
40.8937 -66.8365 41.5545
-65.6184 -13.8872 -4.50403
-6.93929 -47.526 44.0918
6.25316 -71.8152 24.0322
37.8294 -73.8237 19.2039
-5.35014 -37.2416 53.048
-75.7766 15.2984 41.2351
-39.9383 -76.0303 28.3177
76.4939 -49.4546 6.45267
-19.3688 -63.6491 42.0505
23.9023 -45.4416 -30.9131
-54.3091 61.5024 -49.896
12.2686 20.9742 12.4848
-45.3669 60.3025 -50.4043
44.0712 -1.75167 39.2429
-32.7198 11.2685 34.0851
67.3162 -49.6824 -2.89654
13.4194 -71.6093 9.28979
7.15231 57.0275 -21.2991
-44.8559 -76.4211 -7.97535
-74.233 24.488 20.5408
31.6478 -31.4903 -28.8555
-55.8426 -74.5737 2.66768
-62.3238 17.2019 -4.61747
-16.4367 -14.8506 46.1055
-16.5649 -75.0729 31.7842
55.3144 -0.651311 12.7729
-49.5309 43.997 -49.0237
6.33515 -75.5195 48.8392
-35.9089 23.2715 -2.22156
-7.68276 12.3077 -4.99737
41.4552 -45.4761 -22.1271
-73.1108 -12.2434 15.8717
-30.8846 -46.3457 38.433
-69.6886 -30.3197 18.338
32.4784 -75.3213 42.7183
-40.2056 19.0722 39.8537
0.459857 -56.171 52.0338
-21.5443 -57.1722 40.7629
5.32541 72.8919 -25.7093
-8.54558 4.85667 35.97
-71.8661 27.0235 28.2367
57.5044 -25.8509 34.2532
-20.9199 -64.1068 -21.6298
29.9495 -32.8478 56.3643
-51.1463 40.0687 -38.7485
41.8548 -7.61372 -16.5756
24.7597 -69.2681 46.9817
-11.6256 -71.8024 -16.2285
-73.344 10.7882 47.516
-23.8998 -76.2546 28.5491
-8.49674 11.2357 29.2123
-37.9014 -54.8623 -3.18509
19.0882 19.9334 26.5161
-59.3207 45.1469 9.35872
2.6926 57.6889 -20.2341
-31.5395 -75.2334 45.7501
-62.8851 37.6452 41.562
-12.9411 -41.7551 -27.5117
44.3278 -53.119 -18.4878
-26.4707 47.4163 6.59674
45.2488 11.4836 13.7643
29.334 3.81252 39.7173
56.3647 -67.0127 29.915
-72.6907 23.6346 6.05917
16.4843 -36.6 -33.9902
-44.4 45.5878 10.9899
-1.36437 -31.0966 -37.1915
-2.98713 -2.34911 -20.7067
33.9613 -75.1789 -13.9564
-5.19736 68.7599 -12.444
-18.294 44.3524 -7.37429
-44.3281 -73.4339 -7.42855
8.5189 -73.8576 50.7743
-2.85109 -42.8806 53.7185
17.7311 20.2422 2.45306
16.0593 -28.9775 59.1822
45.264 -39.9268 -21.068
51.3176 -50.7534 39.9068
46.2367 -48.7892 -18.4645
-62.5938 59.2462 -36.4323
23.0867 13.0294 -9.48375
-48.0677 -26.8598 45.8545
-46.704 -75.6953 40.8788
25.5913 19.5626 26.6677
-10.3127 -71.8217 -6.67983
66.9529 -40.0809 26.0433
32.66 -73.9714 5.36695
-55.3429 34.3053 -13.7383
51.7635 -4.10987 -7.32342
-17.1365 -52.0492 40.136
-7.70081 -23.8647 -35.9311
-45.0509 53.9279 -58.0971
-4.39218 -16.6993 53.5306
-18.2586 54.6638 -13.3502
-33.9626 -75.1769 12.0683
-16.6506 -68.5389 51.8454
-29.9389 -27.8233 45.4892
-31.5735 -49.2493 -10.7032
37.9069 -74.9859 28.0361
52.2634 -9.43116 -10.4926
-40.4109 -68.3891 47.7486
-57.5237 70.0812 -52.6525
27.8329 -34.5548 56.5304
-46.5484 50.2177 -55.4929
-28.3021 -13.2348 -20.3381
-17.986 -45.0679 -13.0091
-50.585 -22.0116 45.6857
3.48212 -49.6663 -34.6538
-21.0937 40.5964 3.48452
-68.1735 -22.6946 29.3903
-44.8195 67.6722 -59.0111
23.9273 -35.3588 58.3903
47.7321 7.9783 26.059
62.9259 -23.7894 8.86249
15.2261 -47.7523 58.3545
-38.1181 34.6231 31.7949
-29.3113 -72.3973 -16.6437
-73.4518 29.1362 16.5849
-21.9145 -62.0591 41.3818
36.2644 -8.88452 -20.6816
36.6403 -2.12945 41.489
-1.67815 17.4927 19.9523
-4.82224 -63.5076 54.0528
5.30604 -71.587 2.71896
-19.3075 65.8665 -8.30268
1.15038 -33.8972 57.755
-38.1082 -36.6147 42.8506
2.72762 -3.75407 44.6351
39.7279 7.89904 -7.61738
-27.1762 -56.6352 -9.41078
-35.5408 51.6998 -1.02842
19.2674 -75.2333 -14.3019
-37.4744 -61.5908 -4.32424
55.8759 -2.9101 3.83484
21.7364 -76.3107 6.93911
20.5533 -66.2573 -23.2585
-42.2391 -72.3386 48.2171
24.5029 -70.9751 33.8558
38.5252 -48.6396 -24.6625
-35.931 -76.6235 14.2456
-37.7378 44.2125 15.9095
-68.9775 42.1552 11.175
-22.8295 -73.98 -5.803
-37.8155 -61.062 38.2003
3.87094 -48.2044 56.3135
-39.427 -48.2869 -3.80571
51.8261 -46.2361 40.6733
-55.4244 -71.4144 9.1283
-45.2504 -11.8027 44.3021
-27.0533 38.4486 7.51208
-73.097 -20.2341 19.8044
-53.3923 -13.646 -14.4302
32.3935 -53.0231 50.7531
35.9232 7.95942 36.722
-36.8472 -20.7672 46.5464
-61.9338 -36.7982 -2.78256
57.0252 -31.8801 -7.27308
12.9495 -46.9333 57.7738
-35.6992 -69.6455 -9.39569
-58.8984 -39.3912 29.4445
-27.2175 -74.1744 9.96267
-51.188 71.059 -57.5189
-18.2182 -71.8191 -1.43173
66.0688 -54.9857 -3.65236
23.0595 -75.02 8.086
24.7225 -73.827 7.339
-57.9521 53.0605 -33.74
41.0178 -46.2252 46.815
37.8459 -27.3904 52.4322
-11.59 -25.4813 -33.9992
-17.3466 -71.8681 0.699626
-33.5344 -39.6892 40.2795
-71.8959 -13.6081 24.3394
61.2091 -24.875 26.6775
7.68281 -12.2935 53.7067
-66.2587 4.49794 0.080512
4.76207 64.5135 -19.9082
9.0152 -18.8806 58.3932
49.8385 6.88314 9.54074
2.93477 -41.2263 -36.6739
16.7725 -75.4871 11.2529
29.7084 -27.8583 -29.0541
-35.7127 -51.0302 29.186
75.8836 -38.755 15.7481
-31.6884 -58.8198 38.5957
21.7178 -76.2223 10.8976
-9.89535 -10.3381 -22.2805
-0.0428251 -71.5031 33.1323
-72.6061 -15.1112 16.106
-18.3905 -76.4289 6.45116
-37.5135 -20.3186 -20.8729
64.426 -37.15 11.4229
-5.6916 72.8781 -9.53057
-55.6977 60.2697 -26.4851
38.6823 -74.3028 11.4473
-10.8462 -2.02984 40.9946
-15.5007 -76.3899 12.1617
-56.5871 -9.59769 -11.6608
8.59491 -10.3819 -23.0316
-9.29402 -71.1732 39.3343
5.61649 -14.8957 -31.8428
-27.6602 20.4221 12.1555
-13.8454 -31.5191 42.603
-48.3393 0.164595 38.9885
35.8833 -74.9259 -4.90045
-20.3453 15.1504 -4.68236
35.8005 -74.028 20.723
-30.2635 -74.605 9.617
-64.5178 40.6648 3.29216
-69.3332 -27.1402 8.40522
-69.0738 -14.3675 0.919834
-29.056 -74.8613 -19.548
44.8953 -10.7789 -15.9159
47.0482 -20.8892 -18.606
-49.8286 59.46 -56.5276
-19.2542 4.46436 34.6463
31.2853 17.4147 28.2692
-38.8082 -56.439 10.1965
51.4601 -41.8641 -14.7134
43.5254 -20.0564 -20.9008
34.1022 13.326 -4.53791
47.9293 -5.9379 -12.4808
2.80525 -63.6405 -27.9077
-18.9305 -74.0061 16.1983
-38.9642 1.19693 -15.8222
-23.1457 -8.33312 42.1903
-20.0031 -21.1681 -22.4159
26.1964 -14.5259 52.4462
61.0084 -12.5496 7.16407
3.17518 73.759 -26.5917
-32.868 55.9841 -0.414936
-52.8351 11.1228 -7.49594
-53.4452 -37.8107 37.2208
-12.0215 -74.757 18.887
30.6097 -4.63301 -17.6998
-53.2045 -48.3363 9.62382
-15.2122 -25.7674 43.2936
-54.0383 18.2604 -7.43372
42.2562 -71.9189 30.4109
-30.4909 24.917 14.7328
10.2776 15.9471 -6.92643
-61.4735 66.3187 -48.3456
-9.70789 -72.3664 17.2301
48.3815 -71.3393 27.2579
-36.9945 -77.167 19.488
-35.4655 -59.2964 25.8308
-32.6692 24.3485 26.9195
-37.4685 -49.9168 27.1622
-70.1296 11.4712 -0.469112
-27.9742 -19.4691 -20.6271
4.67171 -55.7914 52.7279
-76.4435 17.2198 14.4638
7.9926 -8.46766 45.6206
-43.2935 -67.4013 25.8928
41.5912 -75.9455 11.9656
45.2675 -20.3704 45.5331
-28.271 15.1614 24.8312
14.1875 11.3062 -10.0608
-10.506 -60.3602 -23.3139
-21.4395 -74.725 25.918
-49.6433 -41.6538 35.661
-69.7819 -15.6265 28.7722
36.1876 -75.7047 4.42703
-56.7034 -35.5917 -8.39767
1.76486 -17.9626 57.6558
-38.58 -64.8372 -5.08042
-66.2097 32.6361 3.62256
-26.9975 -76.321 27.927
53.9062 -38.9302 37.9421
-53.781 56.8832 -47.5825
-61.1897 -22.6168 39.2724
25.8215 -72.515 35.438
37.3533 -52.7515 50.1769
-71.9597 32.7158 14.0102
25.1977 -33.3818 -32.4617
-37.1752 -76.8423 17.3686
-45.9444 39.1881 -16.7708
-3.72045 -68.5518 -27.2699
10.0066 20.3132 21.4344
23.5645 -75.482 39.425
-20.3643 -76.3679 -29.0813
-42.0442 40.6801 36.3234
21.6602 -75.2464 38.826
-28.225 -70.6858 -20.1652
-67.7234 32.9711 42.5651
-2.58226 -12.1821 46.4384
22.9194 -9.79939 -20.1474
0.46605 -74.4352 53.1887
71.0317 -40.1653 4.37546
16.5054 -47.5415 -32.7242
17.1975 -75.398 41.638
-3.6778 -71.9623 10.4221
-31.908 12.8798 -9.27687
3.75644 -62.4735 49.2726
11.5885 -75.145 42.055
-34.2328 -0.695232 39.5075
-6.34777 -58.5275 44.337
35.854 -14.2361 -21.5422
-14.5917 -71.7233 -3.08027
58.1359 -9.38554 24.2578
23.1846 -71.3657 -5.82676
-42.2688 -62.5489 39.8444
61.81 -21.3255 0.452589
-12.2767 -71.6075 37.5436
-53.773 62.7647 -36.8563
12.8734 -70.6712 38.4048
13.5389 -51.252 55.2842
57.5326 -14.2935 -4.41944
-47.7984 52.875 -18.7891
-14.6299 -64.3005 -25.7471
70.9933 -46.0322 1.1002
-59.5321 -5.91982 36.8285
7.26832 -70.717 39.061
-57.4081 33.0721 47.5697
45.9408 -63.5403 -5.61813
-61.6732 51.6016 -23.511
-36.5833 -57.4414 -4.46354
-10.4386 1.34569 -16.2835
-48.1084 8.98635 51.8923
-12.9735 -75.664 42.656
70.448 -37.3055 22.2017
-35.2068 -54.0332 20.1535
66.7067 -46.1304 -0.907302
42.4226 2.26763 -9.9757
-37.1462 36.8085 26.9822
3.33495 -18.5252 -34.9791
-59.5912 17.5393 -6.43497
-13.1305 15.0644 5.54508
-17.0505 42.1358 0.554045
-31.5048 50.9459 8.92197
36.1537 -33.6199 -25.9509
-31.6259 18.0905 -1.32426
-34.327 -60.8897 38.7875
-43.086 46.314 5.35903
-21.0436 -18.7707 45.1158
-46.481 32.7105 -6.06167
-49.0355 -47.3202 -1.45874
12.6493 17.1613 31.3761
20.1034 -31.9279 57.7018
-17.1162 -33.7814 -24.4693
-8.85445 50.006 0.464395
-43.7383 36.9968 -0.848208
32.8821 11.0515 -8.50134
-32.3126 -13.6294 46.4347
-33.4658 -63.225 18.7765
-73.2927 5.03697 7.85114
1.9377 -22.9287 -37.3447
25.8727 -46.6292 56.7362
-67.0304 17.4123 -2.78
14.3758 -71.0063 -11.5723
-41.8965 -49.9062 0.344355
-26.9321 -63.6956 -9.41334
30.6415 -12.9472 -21.8903
1.08476 -52.8137 -33.5018
29.7195 -75.8548 -11.9386
31.382 -62.9553 -23.476
73.4218 -47.3566 27.8264
-7.78963 -2.03525 -20.1305
-32.0029 8.19157 32.2937
-46.9289 -7.54971 43.3324
27.726 -1.52318 41.7097
-57.579 39.9313 -30.1899
-11.7202 -18.879 45.5583
44.904 -54.1211 42.5958
12.3452 -24.0333 58.7573
32.4473 -57.9468 48.688
16.2532 -10.74 52.2058
-43.8883 18.2475 -6.2678
-68.0165 0.696597 27.1379
-25.1167 -76.135 -26.7028
-64.2838 -30.1735 -3.07252
-7.69612 73.6738 -9.27391
65.4282 -62.6937 28.0667
42.0399 -31.068 50.0684
34.4705 -75.5188 23.5826
63.6543 -38.9253 6.21316
-44.9397 -63.8648 35.4231
